# {"t_start": 1616854956.2049537, "env_id": "dVRLPickPlaceTarget-v0"} 
r,l,t
-100.0,100,43.904235
-100.0,100,79.455397
-100.0,100,113.311553
-100.0,100,141.547739
-100.0,100,168.575417
-100.0,100,195.832059
-100.0,100,223.648003
-100.0,100,256.155769
-100.0,100,288.131317
-100.0,100,315.400137
-100.0,100,342.668353
-100.0,100,370.055983
-100.0,100,403.768432
-100.0,100,430.108886
-100.0,100,457.46753
-100.0,100,484.199478
-100.0,100,511.387511
-100.0,100,539.152017
-100.0,100,567.055453
-100.0,100,593.287524
-100.0,100,620.891819
-100.0,100,648.647496
-100.0,100,677.03647
-100.0,100,708.312433
-100.0,100,737.160523
-100.0,100,769.451437
-100.0,100,799.519507
-100.0,100,828.651611
-100.0,100,857.211862
-100.0,100,885.995397
-100.0,100,915.427813
-100.0,100,944.876406
-100.0,100,976.56799
-100.0,100,1009.607589
-100.0,100,1040.991244
-100.0,100,1070.339945
-100.0,100,1101.167795
-100.0,100,1133.527492
-100.0,100,1164.884372
-100.0,100,1193.955456
-100.0,100,1223.743437
-100.0,100,1253.180209
-100.0,100,1282.144525
-100.0,100,1313.415474
-100.0,100,1342.92424
-100.0,100,1372.451521
-100.0,100,1400.595738
-100.0,100,1431.452151
-100.0,100,1463.388463
-100.0,100,1497.035468
-100.0,100,1531.385027
-100.0,100,1557.079747
-100.0,100,1582.355925
-100.0,100,1607.56371
-100.0,100,1632.80891
-100.0,100,1657.628048
-100.0,100,1683.188002
-100.0,100,1708.127687
-100.0,100,1733.263555
-100.0,100,1758.944093
-100.0,100,1787.78789
-100.0,100,1816.159447
-100.0,100,1846.93576
-100.0,100,1875.808882
-100.0,100,1905.099385
-100.0,100,1933.991981
-100.0,100,1962.323391
-100.0,100,1991.008249
-100.0,100,2019.03607
-100.0,100,2048.139492
-100.0,100,2077.088033
-100.0,100,2106.208518
-100.0,100,2134.455429
-100.0,100,2164.667424
-100.0,100,2193.495603
-100.0,100,2224.671387
-100.0,100,2263.244497
-100.0,100,2294.824045
-100.0,100,2324.104551
-100.0,100,2354.317041
-100.0,100,2383.272357
-100.0,100,2412.808348
-100.0,100,2442.139836
-100.0,100,2471.675438
-100.0,100,2500.595572
-100.0,100,2530.208227
-100.0,100,2560.072007
-100.0,100,2588.92911
-100.0,100,2617.996048
-100.0,100,2647.904296
-100.0,100,2678.072912
-100.0,100,2707.368201
-100.0,100,2740.720456
-100.0,100,2769.14805
-100.0,100,2798.500496
-100.0,100,2827.599772
-100.0,100,2856.784223
-100.0,100,2886.871907
-100.0,100,2918.575802
-100.0,100,2949.475903
-100.0,100,2984.455391
-100.0,100,3014.180271
-100.0,100,3043.885423
-100.0,100,3072.375726
-100.0,100,3101.879565
-100.0,100,3131.768734
-100.0,100,3161.940612
-100.0,100,3190.96806
-100.0,100,3221.472402
-100.0,100,3249.688291
-100.0,100,3279.019928
-100.0,100,3304.464441
-100.0,100,3330.1288
-100.0,100,3356.00391
-100.0,100,3381.421187
-100.0,100,3406.287566
-100.0,100,3431.556379
-100.0,100,3456.495502
-100.0,100,3481.624543
-100.0,100,3506.624351
-100.0,100,3534.692549
-100.0,100,3563.299834
-100.0,100,3593.119795
-100.0,100,3620.659818
-100.0,100,3648.523983
-100.0,100,3679.926154
-100.0,100,3709.969744
-100.0,100,3738.971403
-100.0,100,3767.651724
-100.0,100,3795.420129
-100.0,100,3825.564357
-100.0,100,3856.724593
-100.0,100,3889.676276
-100.0,100,3923.803556
-100.0,100,3954.232944
-100.0,100,3984.044193
-100.0,100,4014.368895
-100.0,100,4046.357491
-100.0,100,4076.30849
-100.0,100,4106.115902
-100.0,100,4135.668481
-100.0,100,4165.856177
-100.0,100,4194.251976
-100.0,100,4223.403835
-100.0,100,4252.895551
-100.0,100,4280.455393
-100.0,100,4310.523793
-100.0,100,4339.299438
-100.0,100,4368.029916
-100.0,100,4397.443401
-100.0,100,4433.87949
-100.0,100,4464.355582
-100.0,100,4493.583798
-100.0,100,4522.896088
-100.0,100,4554.211482
-100.0,100,4584.175311
-100.0,100,4614.511713
-100.0,100,4644.389149
-100.0,100,4677.316253
-100.0,100,4707.819981
-100.0,100,4738.452244
-100.0,100,4767.544474
-100.0,100,4796.876151
-100.0,100,4825.132779
-100.0,100,4854.383856
-100.0,100,4883.315323
-100.0,100,4912.611594
-100.0,100,4942.37202
-100.0,100,4971.267405
-100.0,100,5000.04872
-100.0,100,5030.465515
-100.0,100,5055.623559
-100.0,100,5081.479779
-100.0,100,5106.879742
-100.0,100,5131.10793
-100.0,100,5156.668229
-100.0,100,5182.43232
-100.0,100,5208.363467
-100.0,100,5233.465596
-100.0,100,5259.5921
-100.0,100,5285.431427
-100.0,100,5313.628286
-100.0,100,5343.275424
-100.0,100,5372.092309
-100.0,100,5400.224367
-100.0,100,5428.798542
-100.0,100,5458.19171
-100.0,100,5486.468917
-100.0,100,5515.43187
-100.0,100,5545.540226
-100.0,100,5573.20347
-100.0,100,5601.835592
-100.0,100,5630.311852
-100.0,100,5659.843641
-100.0,100,5688.543426
-100.0,100,5717.57579
-100.0,100,5745.991423
-100.0,100,5775.108461
-100.0,100,5805.283435
-100.0,100,5835.648529
-100.0,100,5864.979454
-100.0,100,5899.651349
-100.0,100,5927.859387
-100.0,100,5958.47144
-100.0,100,5989.288128
-100.0,100,6021.488424
-100.0,100,6054.427391
-100.0,100,6087.572162
-100.0,100,6119.44366
-100.0,100,6150.443937
-100.0,100,6184.391998
-100.0,100,6214.951419
-100.0,100,6245.836142
-100.0,100,6275.896141
-100.0,100,6305.192493
-100.0,100,6333.493349
-100.0,100,6362.219791
-100.0,100,6391.047393
-100.0,100,6420.175416
-100.0,100,6448.813672
-100.0,100,6476.920594
-100.0,100,6505.160128
-100.0,100,6533.920652
-100.0,100,6562.36857
-100.0,100,6592.079556
-100.0,100,6624.599416
-100.0,100,6655.699932
-100.0,100,6684.195934
-100.0,100,6712.761108
-100.0,100,6743.231566
-100.0,100,6773.596251
-100.0,100,6799.396021
-100.0,100,6824.973557
-100.0,100,6850.240548
-100.0,100,6875.895693
-100.0,100,6900.879598
-100.0,100,6925.296433
-100.0,100,6950.463379
-100.0,100,6976.303725
-100.0,100,7001.369055
-100.0,100,7029.803684
-100.0,100,7058.728375
-100.0,100,7087.075705
-100.0,100,7116.028502
-100.0,100,7145.239772
-100.0,100,7174.075846
-100.0,100,7204.015688
-100.0,100,7233.69539
-100.0,100,7262.347569
-100.0,100,7290.756266
-100.0,100,7319.844434
-100.0,100,7355.760277
-100.0,100,7387.783741
-100.0,100,7419.195673
-100.0,100,7450.860524
-100.0,100,7484.152116
-100.0,100,7516.712419
-100.0,100,7549.655641
-100.0,100,7579.553115
-100.0,100,7611.396338
-100.0,100,7643.364099
-100.0,100,7675.020072
-100.0,100,7705.888551
-100.0,100,7737.147469
-100.0,100,7767.695773
-100.0,100,7799.319823
-100.0,100,7830.747598
-100.0,100,7863.227659
-100.0,100,7896.957321
-100.0,100,7928.930866
-100.0,100,7959.980043
-100.0,100,7991.499784
-100.0,100,8020.696275
-100.0,100,8051.431817
-100.0,100,8087.111399
-100.0,100,8123.54831
-100.0,100,8152.743966
-100.0,100,8182.904293
-100.0,100,8212.283597
-100.0,100,8243.527544
-100.0,100,8272.887882
-100.0,100,8302.683395
-100.0,100,8332.863489
-100.0,100,8361.457577
-100.0,100,8391.30372
-100.0,100,8420.511437
-100.0,100,8449.627395
-100.0,100,8478.010541
-100.0,100,8508.36796
-100.0,100,8538.251976
-100.0,100,8568.281887
-100.0,100,8593.876403
-100.0,100,8619.016066
-100.0,100,8644.836272
-100.0,100,8670.396153
-100.0,100,8695.303426
-100.0,100,8720.799215
-100.0,100,8746.12097
-100.0,100,8771.811972
-100.0,100,8796.919721
-100.0,100,8823.071388
-100.0,100,8854.452387
-100.0,100,8882.9437
-100.0,100,8912.905325
-100.0,100,8941.247817
-100.0,100,8969.900549
-100.0,100,8998.995919
-100.0,100,9028.147993
-100.0,100,9056.58399
-100.0,100,9086.356329
-100.0,100,9115.235743
-100.0,100,9143.977723
-100.0,100,9173.679956
-100.0,100,9203.732158
-100.0,100,9232.701382
-100.0,100,9261.768466
-100.0,100,9291.027928
-100.0,100,9321.203413
-100.0,100,9350.481026
-100.0,100,9378.276023
-100.0,100,9408.371686
-100.0,100,9436.899579
-100.0,100,9466.151421
-100.0,100,9496.883053
-100.0,100,9526.74103
-100.0,100,9563.267397
-100.0,100,9596.716377
-100.0,100,9628.607688
-100.0,100,9661.415719
-100.0,100,9694.323674
-100.0,100,9725.736079
-100.0,100,9759.644369
-100.0,100,9792.179578
-100.0,100,9823.979479
-100.0,100,9855.22451
-100.0,100,9885.088293
-100.0,100,9914.596225
-100.0,100,9944.62101
-100.0,100,9975.599496
-100.0,100,10003.867812
-100.0,100,10033.567416
-100.0,100,10064.585166
-100.0,100,10094.25236
-100.0,100,10123.491404
-100.0,100,10153.881365
-100.0,100,10184.059945
-100.0,100,10214.754139
-100.0,100,10243.289572
-100.0,100,10272.204079
-100.0,100,10308.376967
-100.0,100,10340.793177
-100.0,100,10366.380138
-100.0,100,10391.428141
-100.0,100,10416.935952
-100.0,100,10441.904587
-100.0,100,10467.635763
-100.0,100,10492.972324
-100.0,100,10518.635424
-100.0,100,10544.148171
-100.0,100,10569.684982
-100.0,100,10595.632733
-100.0,100,10624.853031
-100.0,100,10653.023652
-100.0,100,10681.348148
-100.0,100,10710.576207
-100.0,100,10739.200115
-100.0,100,10768.637157
-100.0,100,10796.584088
-100.0,100,10825.312208
-100.0,100,10855.616277
-100.0,100,10883.904478
-100.0,100,10912.776156
-100.0,100,10941.499475
-100.0,100,10970.692473
-100.0,100,10999.979604
-100.0,100,11031.815988
-100.0,100,11063.475662
-100.0,100,11093.523395
-100.0,100,11122.252101
-100.0,100,11152.796153
-100.0,100,11181.151433
-100.0,100,11210.192518
-100.0,100,11239.25744
-100.0,100,11268.248724
-100.0,100,11296.914208
-100.0,100,11325.431713
-100.0,100,11354.474896
-100.0,100,11383.542037
-100.0,100,11412.522516
-100.0,100,11442.343475
-100.0,100,11471.211786
-100.0,100,11502.187514
-100.0,100,11529.900412
-100.0,100,11560.327669
-100.0,100,11589.18745
-100.0,100,11620.196891
-100.0,100,11649.216097
-100.0,100,11677.551736
-100.0,100,11707.307264
-100.0,100,11736.40802
-100.0,100,11767.55942
-100.0,100,11798.192227
-100.0,100,11827.103451
-100.0,100,11856.611409
-100.0,100,11885.587986
-100.0,100,11914.472439
-100.0,100,11944.287536
-100.0,100,11973.976484
-100.0,100,12004.02876
-100.0,100,12033.004257
-100.0,100,12062.467655
-100.0,100,12087.742184
-100.0,100,12119.287701
-100.0,100,12144.783772
-100.0,100,12169.836215
-100.0,100,12194.871393
-100.0,100,12220.311603
-100.0,100,12245.883543
-100.0,100,12271.456256
-100.0,100,12297.475449
-100.0,100,12323.599468
-100.0,100,12352.772269
-100.0,100,12381.95682
-100.0,100,12411.327658
-100.0,100,12440.818067
-100.0,100,12469.415434
-100.0,100,12501.059681
-100.0,100,12532.456347
-100.0,100,12560.580234
-100.0,100,12591.828
-100.0,100,12619.920966
-100.0,100,12648.639798
-100.0,100,12676.520087
-100.0,100,12706.632002
-100.0,100,12737.635298
-100.0,100,12767.732321
-100.0,100,12798.743715
-100.0,100,12829.608195
-100.0,100,12857.907595
-100.0,100,12889.516687
-100.0,100,12920.715326
-100.0,100,12950.376948
-100.0,100,12980.096782
-100.0,100,13010.552154
-100.0,100,13041.500103
-100.0,100,13071.83983
-100.0,100,13103.379945
-100.0,100,13136.268414
-100.0,100,13166.992085
-100.0,100,13198.071944
-100.0,100,13227.571398
-100.0,100,13264.576325
-100.0,100,13295.09214
-100.0,100,13324.475458
-100.0,100,13354.384275
-100.0,100,13386.179468
-100.0,100,13415.924311
-100.0,100,13445.803952
-100.0,100,13475.128224
-100.0,100,13505.495809
-100.0,100,13534.899698
-100.0,100,13563.595633
-100.0,100,13593.688407
-100.0,100,13622.287411
-100.0,100,13651.324252
-100.0,100,13680.124037
-100.0,100,13709.516025
-100.0,100,13738.612344
-100.0,100,13769.34975
-100.0,100,13798.196224
-100.0,100,13827.096437
-100.0,100,13851.896395
-100.0,100,13877.992329
-100.0,100,13903.27575
-100.0,100,13929.034787
-100.0,100,13954.195383
-100.0,100,13979.652332
-100.0,100,14006.191698
-100.0,100,14031.077113
-100.0,100,14056.748412
-100.0,100,14084.772028
-100.0,100,14115.027656
-100.0,100,14145.043814
-100.0,100,14175.067845
-100.0,100,14203.679691
-100.0,100,14233.499902
-100.0,100,14262.974933
-100.0,100,14291.247489
-100.0,100,14320.632014
-100.0,100,14349.984051
-100.0,100,14380.80793
-100.0,100,14410.335755
-100.0,100,14439.13199
-100.0,100,14473.804014
-100.0,100,14509.09178
-100.0,100,14542.700644
-100.0,100,14576.459614
-100.0,100,14608.94425
-100.0,100,14639.100517
-100.0,100,14669.920418
-100.0,100,14703.436009
-100.0,100,14738.483978
-100.0,100,14772.696666
-100.0,100,14803.404353
-100.0,100,14836.327713
-100.0,100,14867.947841
-100.0,100,14900.148536
-100.0,100,14932.01144
-100.0,100,14962.683659
-100.0,100,14995.055527
-100.0,100,15027.868279
-100.0,100,15060.847478
-100.0,100,15091.715387
-100.0,100,15125.088655
-100.0,100,15158.451572
-100.0,100,15190.839419
-100.0,100,15222.103703
-100.0,100,15254.159607
-100.0,100,15285.431575
-100.0,100,15315.195487
-100.0,100,15345.951832
-100.0,100,15377.480323
-100.0,100,15409.539775
-100.0,100,15441.756362
-100.0,100,15477.943474
-100.0,100,15515.891325
-100.0,100,15546.908154
-100.0,100,15576.047421
-100.0,100,15605.132598
-100.0,100,15634.747786
-100.0,100,15664.767907
-100.0,100,15690.38009
-100.0,100,15716.02348
-100.0,100,15741.887641
-100.0,100,15767.191484
-100.0,100,15793.239901
-100.0,100,15818.879546
-100.0,100,15844.475685
-100.0,100,15869.864077
-100.0,100,15895.328389
-100.0,100,15920.276313
-100.0,100,15953.10902
-100.0,100,15985.644066
-100.0,100,16015.567924
-100.0,100,16044.408181
-100.0,100,16073.156373
-100.0,100,16102.943341
-100.0,100,16130.344644
-100.0,100,16159.171612
-100.0,100,16188.115469
-100.0,100,16219.984366
-100.0,100,16249.168585
-100.0,100,16279.329126
-100.0,100,16309.116404
-100.0,100,16338.491678
-100.0,100,16367.37233
-100.0,100,16397.591923
-100.0,100,16427.476281
-100.0,100,16455.171333
-100.0,100,16483.268582
-100.0,100,16513.327669
-100.0,100,16543.03995
-100.0,100,16571.80405
-100.0,100,16601.067927
-100.0,100,16630.28947
-100.0,100,16659.232006
-100.0,100,16688.596126
-100.0,100,16717.675446
-100.0,100,16748.50352
-100.0,100,16777.268398
-100.0,100,16806.995782
-100.0,100,16836.403399
-100.0,100,16866.875433
-100.0,100,16896.551452
-100.0,100,16927.976829
-100.0,100,16956.973061
-100.0,100,16987.351523
-100.0,100,17016.43238
-100.0,100,17047.585349
-100.0,100,17077.119688
-100.0,100,17105.559959
-100.0,100,17133.744994
-100.0,100,17163.902916
-100.0,100,17192.903528
-100.0,100,17221.98405
-100.0,100,17251.543879
-100.0,100,17280.236807
-100.0,100,17310.92779
-100.0,100,17340.440152
-100.0,100,17368.507898
-100.0,100,17397.97401
-100.0,100,17423.024307
-100.0,100,17448.616231
-100.0,100,17474.075679
-100.0,100,17499.715636
-100.0,100,17525.056278
-100.0,100,17550.340905
-100.0,100,17575.647694
-100.0,100,17601.479505
-100.0,100,17626.619446
-100.0,100,17654.400582
-100.0,100,17689.211683
-100.0,100,17719.441363
-100.0,100,17749.782029
-100.0,100,17778.639991
-100.0,100,17806.952621
-100.0,100,17835.987886
-100.0,100,17865.592345
-100.0,100,17893.3203
-100.0,100,17921.571934
-100.0,100,17950.611833
-100.0,100,17980.219637
-100.0,100,18009.240024
-100.0,100,18040.388683
-100.0,100,18072.175723
-100.0,100,18103.434087
-100.0,100,18136.96737
-100.0,100,18168.495946
-100.0,100,18200.599674
-100.0,100,18234.671492
-100.0,100,18267.683671
-100.0,100,18301.040111
-100.0,100,18332.767398
-100.0,100,18364.356299
-100.0,100,18401.143371
-100.0,100,18436.249207
-100.0,100,18469.252078
-100.0,100,18501.41196
-100.0,100,18533.688692
-100.0,100,18564.456264
-100.0,100,18593.146587
-100.0,100,18622.671746
-100.0,100,18651.403663
-100.0,100,18680.788646
-100.0,100,18711.167997
-100.0,100,18739.423555
-100.0,100,18768.852005
-100.0,100,18798.372167
-100.0,100,18829.327816
-100.0,100,18858.745039
-100.0,100,18887.86849
-100.0,100,18918.75202
-100.0,100,18948.647904
-100.0,100,18979.14844
-100.0,100,19008.32395
-100.0,100,19037.001251
-100.0,100,19067.779667
-100.0,100,19097.584258
-100.0,100,19130.147617
-100.0,100,19160.543631
-100.0,100,19189.06448
-100.0,100,19214.448169
-100.0,100,19239.16385
-100.0,100,19264.983986
-100.0,100,19289.33212
-100.0,100,19314.547904
-100.0,100,19339.451924
-100.0,100,19364.488484
-100.0,100,19389.800206
-100.0,100,19415.104796
-100.0,100,19443.457906
-100.0,100,19473.596034
-100.0,100,19502.70353
-100.0,100,19533.012183
-100.0,100,19562.320536
-100.0,100,19592.628502
-100.0,100,19621.59593
-100.0,100,19650.364306
-100.0,100,19678.732323
-100.0,100,19707.631482
-100.0,100,19736.095677
-100.0,100,19764.659387
-100.0,100,19794.252128
-100.0,100,19823.59851
-100.0,100,19853.971512
-100.0,100,19885.327724
-100.0,100,19915.223746
-100.0,100,19944.620543
-100.0,100,19972.307837
-100.0,100,20000.580215
-100.0,100,20029.491555
-100.0,100,20060.372045
-100.0,100,20089.11552
-100.0,100,20119.108113
-100.0,100,20148.292545
-100.0,100,20177.928335
-100.0,100,20206.886867
-100.0,100,20236.092121
-100.0,100,20264.732319
-100.0,100,20293.043415
-100.0,100,20322.725071
-100.0,100,20351.384571
-100.0,100,20380.283499
-100.0,100,20409.504514
-100.0,100,20438.479697
-100.0,100,20468.131464
-100.0,100,20496.887931
-100.0,100,20527.687902
-100.0,100,20556.023809
-100.0,100,20587.504217
-100.0,100,20619.078146
-100.0,100,20649.099565
-100.0,100,20677.384852
-100.0,100,20706.060017
-100.0,100,20735.287961
-100.0,100,20764.060269
-100.0,100,20792.731475
-100.0,100,20822.076198
-100.0,100,20851.264302
-100.0,100,20880.107794
-100.0,100,20909.823418
-100.0,100,20935.559411
-100.0,100,20961.638146
-100.0,100,20986.707483
-100.0,100,21011.335339
-100.0,100,21036.372914
-100.0,100,21061.653295
-100.0,100,21087.280046
-100.0,100,21112.483595
-100.0,100,21137.579867
-100.0,100,21163.907907
-100.0,100,21194.716354
-100.0,100,21223.885969
-100.0,100,21252.85565
-100.0,100,21282.251996
-100.0,100,21314.759972
-100.0,100,21346.204286
-100.0,100,21375.179726
-100.0,100,21403.572518
-100.0,100,21432.360318
-100.0,100,21461.599488
-100.0,100,21491.651521
-100.0,100,21521.043541
-100.0,100,21550.140449
-100.0,100,21579.41567
-100.0,100,21607.911748
-100.0,100,21636.615823
-100.0,100,21665.228033
-100.0,100,21694.220276
-100.0,100,21722.539892
-100.0,100,21751.661439
-100.0,100,21781.399976
-100.0,100,21811.984128
-100.0,100,21840.5064
-100.0,100,21869.582167
-100.0,100,21898.957256
-100.0,100,21927.195754
-100.0,100,21956.211959
-100.0,100,21984.931761
-100.0,100,22013.512999
-100.0,100,22045.107373
-100.0,100,22077.431771
-100.0,100,22106.652206
-100.0,100,22135.501696
-100.0,100,22164.904773
-100.0,100,22195.056221
-100.0,100,22224.127475
-100.0,100,22252.712841
-100.0,100,22282.356408
-100.0,100,22311.027759
-100.0,100,22339.596205
-100.0,100,22368.304199
-100.0,100,22397.588513
-100.0,100,22427.03692
-100.0,100,22456.131813
-100.0,100,22484.871774
-100.0,100,22515.983834
-100.0,100,22544.249784
-100.0,100,22574.204283
-100.0,100,22603.267792
-100.0,100,22632.664544
-100.0,100,22657.243406
-100.0,100,22682.596915
-100.0,100,22707.850388
-100.0,100,22733.171566
-100.0,100,22758.441492
-100.0,100,22783.899409
-100.0,100,22809.280343
-100.0,100,22834.267383
-100.0,100,22859.671457
-100.0,100,22886.422969
-100.0,100,22915.991952
-100.0,100,22946.231754
-100.0,100,22975.86774
-100.0,100,23005.216375
-100.0,100,23034.816111
-100.0,100,23064.454693
-100.0,100,23093.228307
-100.0,100,23121.212266
-100.0,100,23150.759821
-100.0,100,23179.611854
-100.0,100,23208.324016
-100.0,100,23238.171557
-100.0,100,23268.331423
-100.0,100,23297.347307
-100.0,100,23327.715475
-100.0,100,23356.080442
-100.0,100,23385.899451
-100.0,100,23414.757964
-100.0,100,23444.103396
-100.0,100,23476.863652
-100.0,100,23509.931459
-100.0,100,23539.416345
-100.0,100,23569.160245
-100.0,100,23599.159489
-100.0,100,23629.443879
-100.0,100,23660.285124
-100.0,100,23689.315484
-100.0,100,23720.000134
-100.0,100,23751.127416
-100.0,100,23782.579869
-100.0,100,23813.100247
-100.0,100,23846.520574
-100.0,100,23880.93145
-100.0,100,23913.549301
-100.0,100,23946.140803
-100.0,100,23979.268212
-100.0,100,24011.855885
-100.0,100,24042.976317
-100.0,100,24075.543556
-100.0,100,24109.007415
-100.0,100,24141.457726
-100.0,100,24174.2807
-100.0,100,24206.624457
-100.0,100,24248.695732
-100.0,100,24282.959995
-100.0,100,24315.127756
-100.0,100,24346.200012
-100.0,100,24377.879628
-100.0,100,24408.460286
-100.0,100,24436.763488
-100.0,100,24460.923599
-100.0,100,24486.776233
-100.0,100,24512.624658
-100.0,100,24538.07973
-100.0,100,24563.368517
-100.0,100,24588.268097
-100.0,100,24613.659927
-100.0,100,24639.091701
-100.0,100,24662.691608
-100.0,100,24688.708333
-100.0,100,24716.79645
-100.0,100,24744.103769
-100.0,100,24771.661808
-100.0,100,24799.612092
-100.0,100,24827.163856
-100.0,100,24855.752062
-100.0,100,24883.815641
-100.0,100,24912.143793
-100.0,100,24941.248608
-100.0,100,24969.907864
-100.0,100,24999.295626
-100.0,100,25029.407455
-100.0,100,25059.863793
-100.0,100,25088.57959
-100.0,100,25117.304067
-100.0,100,25145.791708
-100.0,100,25173.564248
-100.0,100,25201.447742
-100.0,100,25228.391526
-100.0,100,25255.096217
-100.0,100,25283.059425
-100.0,100,25314.023945
-100.0,100,25344.252205
-100.0,100,25372.809746
-100.0,100,25401.328891
-100.0,100,25430.715838
-100.0,100,25460.564748
-100.0,100,25489.772508
-100.0,100,25519.319806
-100.0,100,25550.108986
-100.0,100,25582.424263
-100.0,100,25613.655596
-100.0,100,25649.559665
-100.0,100,25681.144436
-100.0,100,25710.768983
-100.0,100,25741.882261
-100.0,100,25773.511498
-100.0,100,25804.624479
-100.0,100,25835.024411
-100.0,100,25866.428792
-100.0,100,25894.601452
-100.0,100,25924.139924
-100.0,100,25953.680821
-100.0,100,25984.423719
-100.0,100,26014.539451
-100.0,100,26042.568066
-100.0,100,26071.251612
-100.0,100,26099.987767
-100.0,100,26129.267456
-100.0,100,26159.371474
-100.0,100,26184.088486
-100.0,100,26209.139401
-100.0,100,26233.644224
-100.0,100,26259.236348
-100.0,100,26284.383685
-100.0,100,26309.355415
-100.0,100,26335.141234
-100.0,100,26360.523599
-100.0,100,26385.723918
-100.0,100,26414.96827
-100.0,100,26444.847632
-100.0,100,26473.940143
-100.0,100,26503.316216
-100.0,100,26532.119919
-100.0,100,26560.267939
-100.0,100,26589.656204
-100.0,100,26617.172309
-100.0,100,26645.096445
-100.0,100,26673.791642
-100.0,100,26701.563626
-100.0,100,26729.75147
-100.0,100,26758.811905
-100.0,100,26788.091538
-100.0,100,26817.043957
-100.0,100,26846.871873
-100.0,100,26875.756557
-100.0,100,26903.995677
-100.0,100,26932.431467
-100.0,100,26962.416245
-100.0,100,26991.139705
-100.0,100,27019.920515
-100.0,100,27052.360468
-100.0,100,27081.903874
-100.0,100,27111.272336
-100.0,100,27139.539324
-100.0,100,27168.619776
-100.0,100,27197.968112
-100.0,100,27227.672529
-100.0,100,27255.985472
-100.0,100,27284.875721
-100.0,100,27314.6321
-100.0,100,27345.596141
-100.0,100,27375.092271
-100.0,100,27405.187977
-100.0,100,27436.130453
-100.0,100,27466.495656
-100.0,100,27498.743994
-100.0,100,27529.82819
-100.0,100,27560.431602
-100.0,100,27591.904087
-100.0,100,27623.299697
-100.0,100,27652.736656
-100.0,100,27682.183582
-100.0,100,27717.748129
-100.0,100,27753.412804
-100.0,100,27783.783708
-100.0,100,27815.796405
-100.0,100,27847.967977
-100.0,100,27878.487621
-100.0,100,27909.847673
-100.0,100,27934.603991
-100.0,100,27960.067841
-100.0,100,27985.780405
-100.0,100,28011.68006
-100.0,100,28036.827747
-100.0,100,28062.020362
-100.0,100,28087.215806
-100.0,100,28113.23594
-100.0,100,28138.416228
-100.0,100,28163.963446
-100.0,100,28194.408231
-100.0,100,28225.840119
-100.0,100,28255.82166
-100.0,100,28286.223814
-100.0,100,28314.242274
-100.0,100,28341.57241
-100.0,100,28371.519044
-100.0,100,28399.915505
-100.0,100,28429.859659
-100.0,100,28459.032102
-100.0,100,28487.61731
-100.0,100,28516.712243
-100.0,100,28544.896453
-100.0,100,28573.584271
-100.0,100,28602.127885
-100.0,100,28629.643429
-100.0,100,28659.924067
-100.0,100,28689.357169
-100.0,100,28718.104257
-100.0,100,28746.247089
-100.0,100,28774.183378
-100.0,100,28803.103411
-100.0,100,28832.288507
-100.0,100,28860.807351
-100.0,100,28891.289128
-100.0,100,28920.207468
-100.0,100,28949.436355
-100.0,100,28979.203395
-100.0,100,29008.290302
-100.0,100,29036.911628
-100.0,100,29067.287731
-100.0,100,29099.77542
-100.0,100,29131.692217
-100.0,100,29160.335448
-100.0,100,29188.931441
-100.0,100,29217.643895
-100.0,100,29246.868451
-100.0,100,29275.583397
-100.0,100,29304.172401
-100.0,100,29333.767473
-100.0,100,29362.39173
-100.0,100,29391.027422
-100.0,100,29420.819431
-100.0,100,29450.011842
-100.0,100,29478.235983
-100.0,100,29508.33943
-100.0,100,29538.320408
-100.0,100,29568.592262
-100.0,100,29601.076217
-100.0,100,29631.306263
-100.0,100,29657.128501
-100.0,100,29682.347949
-100.0,100,29707.07201
-100.0,100,29731.960136
-100.0,100,29757.780003
-100.0,100,29782.291958
-100.0,100,29808.24427
-100.0,100,29833.767469
-100.0,100,29858.89563
-100.0,100,29885.923537
-100.0,100,29915.352394
-100.0,100,29945.512345
-100.0,100,29973.445065
-100.0,100,30001.67549
-100.0,100,30029.359295
-100.0,100,30058.136463
-100.0,100,30085.504061
-100.0,100,30114.347479
-100.0,100,30143.512325
-100.0,100,30171.119658
-100.0,100,30200.204194
-100.0,100,30227.452282
-100.0,100,30256.467824
-100.0,100,30285.147445
-100.0,100,30312.888121
-100.0,100,30341.960285
-100.0,100,30370.703614
-100.0,100,30398.788263
-100.0,100,30426.075656
-100.0,100,30456.432465
-100.0,100,30484.672674
-100.0,100,30514.844071
-100.0,100,30543.475602
-100.0,100,30572.93988
-100.0,100,30601.484244
-100.0,100,30629.951941
-100.0,100,30657.835752
-100.0,100,30686.636616
-100.0,100,30714.328562
-100.0,100,30743.551548
-100.0,100,30772.644424
-100.0,100,30800.968486
-100.0,100,30829.426559
-100.0,100,30857.877403
-100.0,100,30886.372188
-100.0,100,30914.997474
-100.0,100,30943.381669
-100.0,100,30971.167874
-100.0,100,31001.027491
-100.0,100,31029.160337
-100.0,100,31058.559932
-100.0,100,31086.655931
-100.0,100,31115.875975
-100.0,100,31145.102372
-100.0,100,31173.855742
-100.0,100,31204.395755
-100.0,100,31233.447471
-100.0,100,31261.892445
-100.0,100,31290.195493
-100.0,100,31319.776154
-100.0,100,31344.896376
-100.0,100,31369.499605
-100.0,100,31395.015418
-100.0,100,31420.103891
-100.0,100,31445.085189
-100.0,100,31469.756298
-100.0,100,31494.9115
-100.0,100,31519.938521
-100.0,100,31545.360088
-100.0,100,31571.800185
-100.0,100,31600.436116
-100.0,100,31628.611748
-100.0,100,31657.452414
-100.0,100,31685.1823
-100.0,100,31715.593914
-100.0,100,31743.223905
-100.0,100,31771.780265
-100.0,100,31800.447471
-100.0,100,31828.520032
-100.0,100,31857.351743
-100.0,100,31888.043735
-100.0,100,31918.384423
-100.0,100,31947.023887
-100.0,100,31975.94848
-100.0,100,32004.627959
-100.0,100,32033.035864
-100.0,100,32061.608129
-100.0,100,32090.975569
-100.0,100,32119.349704
-100.0,100,32148.596037
-100.0,100,32177.16791
-100.0,100,32205.371559
-100.0,100,32233.443571
-100.0,100,32263.164155
-100.0,100,32292.31593
-100.0,100,32320.688368
-100.0,100,32348.444331
-100.0,100,32377.243483
-100.0,100,32405.896061
-100.0,100,32434.988392
-100.0,100,32465.003912
-100.0,100,32493.747508
-100.0,100,32522.632009
-100.0,100,32552.443396
-100.0,100,32582.072364
-100.0,100,32612.795957
-100.0,100,32641.867632
-100.0,100,32671.68758
-100.0,100,32701.015625
-100.0,100,32730.17969
-100.0,100,32759.247788
-100.0,100,32787.503995
-100.0,100,32816.744209
-100.0,100,32845.596199
-100.0,100,32874.77182
-100.0,100,32902.551627
-100.0,100,32930.867708
-100.0,100,32959.896393
-100.0,100,32987.299712
-100.0,100,33016.648174
-100.0,100,33041.867405
-100.0,100,33067.343322
-100.0,100,33093.090077
-100.0,100,33118.917289
-100.0,100,33144.007434
-100.0,100,33168.896135
-100.0,100,33193.976426
-100.0,100,33218.744374
-100.0,100,33244.363388
-100.0,100,33271.971856
-100.0,100,33301.75625
-100.0,100,33329.684865
-100.0,100,33359.135697
-100.0,100,33387.735967
-100.0,100,33417.600249
-100.0,100,33446.17647
-100.0,100,33475.899612
-100.0,100,33504.008786
-100.0,100,33532.215581
-100.0,100,33561.884468
-100.0,100,33590.828475
-100.0,100,33619.767943
-100.0,100,33647.871305
-100.0,100,33677.732468
-100.0,100,33705.736113
-100.0,100,33734.707623
-100.0,100,33763.548168
-100.0,100,33791.644258
-100.0,100,33821.207945
-100.0,100,33850.228214
-100.0,100,33878.695741
-100.0,100,33907.333084
-100.0,100,33935.911436
-100.0,100,33966.863328
-100.0,100,33997.668539
-100.0,100,34027.628361
-100.0,100,34055.455428
-100.0,100,34084.579537
-100.0,100,34114.071657
-100.0,100,34144.068444
-100.0,100,34173.291976
-100.0,100,34201.851814
-100.0,100,34230.720377
-100.0,100,34259.135842
-100.0,100,34289.148193
-100.0,100,34318.271783
-100.0,100,34347.067462
-100.0,100,34375.280254
-100.0,100,34404.068095
-100.0,100,34433.019748
-100.0,100,34462.848112
-100.0,100,34491.435744
-100.0,100,34520.315797
-100.0,100,34548.535946
-100.0,100,34578.396288
-100.0,100,34605.891611
-100.0,100,34634.239696
-100.0,100,34663.539597
-100.0,100,34694.155524
-100.0,100,34722.895517
-100.0,100,34747.916333
-100.0,100,34773.092114
-100.0,100,34798.099423
-100.0,100,34823.079665
-100.0,100,34847.936217
-100.0,100,34872.687595
-100.0,100,34897.308364
-100.0,100,34922.771513
-100.0,100,34947.568209
-100.0,100,34978.391753
-100.0,100,35007.743618
-100.0,100,35036.751571
-100.0,100,35065.260346
-100.0,100,35094.471777
-100.0,100,35123.576162
-100.0,100,35151.692466
-100.0,100,35179.279724
-100.0,100,35208.091681
-100.0,100,35236.61702
-100.0,100,35266.091522
-100.0,100,35294.431778
-100.0,100,35322.203736
-100.0,100,35353.289695
-100.0,100,35382.600814
-100.0,100,35411.413779
-100.0,100,35440.867972
-100.0,100,35469.369101
-100.0,100,35497.967932
-100.0,100,35527.176501
-100.0,100,35555.368115
-100.0,100,35584.573821
-100.0,100,35614.308306
-100.0,100,35642.271747
-100.0,100,35671.356307
-100.0,100,35700.315402
-100.0,100,35729.480024
-100.0,100,35758.827441
-100.0,100,35788.311489
-100.0,100,35817.32782
-100.0,100,35846.776049
-100.0,100,35874.656453
-100.0,100,35903.760302
-100.0,100,35932.199908
-100.0,100,35961.403489
-100.0,100,35990.547549
-100.0,100,36019.468511
-100.0,100,36050.155726
-100.0,100,36078.475569
-100.0,100,36106.10393
-100.0,100,36135.95591
-100.0,100,36163.59581
-100.0,100,36193.717281
-100.0,100,36222.259405
-100.0,100,36250.563882
-100.0,100,36279.679963
-100.0,100,36309.075725
-100.0,100,36337.563492
-100.0,100,36367.018169
-100.0,100,36396.207674
-100.0,100,36424.892385
-100.0,100,36450.303863
-100.0,100,36474.835483
-100.0,100,36499.639399
-100.0,100,36525.2243
-100.0,100,36551.459803
-100.0,100,36577.503541
-100.0,100,36602.331547
-100.0,100,36627.787553
-100.0,100,36652.877736
-100.0,100,36678.588063
-100.0,100,36708.88372
-100.0,100,36738.124154
-100.0,100,36768.163781
-100.0,100,36796.928395
-100.0,100,36824.131452
-100.0,100,36853.848039
-100.0,100,36880.688993
-100.0,100,36909.848292
-100.0,100,36938.96
-100.0,100,36967.351988
-100.0,100,36995.70389
-100.0,100,37024.507893
-100.0,100,37052.58773
-100.0,100,37081.503474
-100.0,100,37109.879451
-100.0,100,37139.000992
-100.0,100,37168.411599
-100.0,100,37197.232313
-100.0,100,37226.367918
-100.0,100,37254.324519
-100.0,100,37282.963502
-100.0,100,37312.116121
-100.0,100,37340.9635
-100.0,100,37370.256571
-100.0,100,37398.976375
-100.0,100,37431.303987
-100.0,100,37460.677288
-100.0,100,37489.211768
-100.0,100,37517.751485
-100.0,100,37546.671547
-100.0,100,37574.285768
-100.0,100,37603.112187
-100.0,100,37632.199444
-100.0,100,37661.295446
-100.0,100,37690.295844
-100.0,100,37720.964473
-100.0,100,37748.920102
-100.0,100,37778.908015
-100.0,100,37809.207455
-100.0,100,37838.803462
-100.0,100,37866.608171
-100.0,100,37895.927392
-100.0,100,37927.416387
-100.0,100,37956.423789
-100.0,100,37988.160094
-100.0,100,38018.428469
-100.0,100,38049.759428
-100.0,100,38079.791413
-100.0,100,38116.399404
-100.0,100,38149.97139
-100.0,100,38175.036372
-100.0,100,38200.25209
-100.0,100,38226.10045
-100.0,100,38251.672172
-100.0,100,38276.671464
-100.0,100,38301.431399
-100.0,100,38326.43191
-100.0,100,38350.808182
-100.0,100,38375.996344
-100.0,100,38401.799565
-100.0,100,38431.027361
-100.0,100,38459.231779
-100.0,100,38487.568445
-100.0,100,38515.796187
-100.0,100,38545.055779
-100.0,100,38574.03574
-100.0,100,38602.691843
-100.0,100,38630.627569
-100.0,100,38659.341059
-100.0,100,38687.308318
-100.0,100,38715.407861
-100.0,100,38744.044019
-100.0,100,38773.491722
-100.0,100,38806.008045
-100.0,100,38835.792097
-100.0,100,38864.155708
-100.0,100,38893.555585
-100.0,100,38922.799478
-100.0,100,38950.191391
-100.0,100,38980.315603
-100.0,100,39009.231543
-100.0,100,39039.089112
-100.0,100,39067.012416
-100.0,100,39096.31176
-100.0,100,39125.093398
-100.0,100,39152.707589
-100.0,100,39181.931616
-100.0,100,39210.915856
-100.0,100,39238.908307
-100.0,100,39267.696003
-100.0,100,39296.240117
-100.0,100,39324.867625
-100.0,100,39354.344133
-100.0,100,39383.416371
-100.0,100,39411.480292
-100.0,100,39440.1809
-100.0,100,39467.887452
-100.0,100,39499.360178
-100.0,100,39529.599382
-100.0,100,39558.703641
-100.0,100,39586.520232
-100.0,100,39615.537404
-100.0,100,39643.327855
-100.0,100,39671.193303
-100.0,100,39701.584113
-100.0,100,39729.600391
-100.0,100,39758.660054
-100.0,100,39787.955389
-100.0,100,39815.843395
-100.0,100,39844.692498
-100.0,100,39869.671454
-100.0,100,39895.063432
-100.0,100,39920.568268
-100.0,100,39945.692516
-100.0,100,39971.247535
-100.0,100,39996.179993
-100.0,100,40021.160783
-100.0,100,40046.00572
-100.0,100,40070.584326
-100.0,100,40096.987416
-100.0,100,40125.684275
-100.0,100,40154.999539
-100.0,100,40184.867672
-100.0,100,40215.739416
-100.0,100,40244.652567
-100.0,100,40272.315653
-100.0,100,40301.357214
-100.0,100,40329.512091
-100.0,100,40356.987518
-100.0,100,40384.648243
-100.0,100,40413.987906
-100.0,100,40443.147789
-100.0,100,40471.691827
-100.0,100,40499.255439
-100.0,100,40528.29947
-100.0,100,40558.628511
-100.0,100,40588.628317
-100.0,100,40616.111714
-100.0,100,40644.819652
-100.0,100,40675.303526
-100.0,100,40704.699293
-100.0,100,40733.195851
-100.0,100,40763.787735
-100.0,100,40794.435411
-100.0,100,40824.07542
-100.0,100,40854.035457
-100.0,100,40890.431967
-100.0,100,40919.875519
-100.0,100,40950.90286
-100.0,100,40981.279469
-100.0,100,41012.323777
-100.0,100,41042.160435
-100.0,100,41074.715914
-100.0,100,41104.875925
-100.0,100,41134.351808
-100.0,100,41163.387413
-100.0,100,41192.25234
-100.0,100,41222.867618
-100.0,100,41250.371994
-100.0,100,41280.595409
-100.0,100,41310.968195
-100.0,100,41341.152097
-100.0,100,41372.336154
-100.0,100,41402.607594
-100.0,100,41433.367928
-100.0,100,41464.996877
-100.0,100,41496.437372
-100.0,100,41527.032454
-100.0,100,41557.727908
-100.0,100,41595.527713
-100.0,100,41620.499779
-100.0,100,41645.392425
-100.0,100,41670.600821
-100.0,100,41695.94842
-100.0,100,41721.342021
-100.0,100,41746.56348
-100.0,100,41771.383378
-100.0,100,41796.888317
-100.0,100,41821.511689
-100.0,100,41849.603566
-100.0,100,41876.979491
-100.0,100,41905.016174
-100.0,100,41934.544308
-100.0,100,41962.687515
-100.0,100,41990.155424
-100.0,100,42018.663775
-100.0,100,42048.305644
-100.0,100,42076.116529
-100.0,100,42104.059478
-100.0,100,42131.948458
-100.0,100,42160.551777
-100.0,100,42188.804425
-100.0,100,42216.696109
-100.0,100,42247.048246
-100.0,100,42277.347796
-100.0,100,42305.564387
-100.0,100,42334.459766
-100.0,100,42362.800255
-100.0,100,42391.248085
-100.0,100,42420.923416
-100.0,100,42449.919953
-100.0,100,42479.692296
-100.0,100,42508.272514
-100.0,100,42536.156587
-100.0,100,42564.379577
-100.0,100,42593.956257
-100.0,100,42623.687776
-100.0,100,42652.223751
-100.0,100,42681.02817
-100.0,100,42709.716067
-100.0,100,42737.356063
-100.0,100,42766.771875
-100.0,100,42794.343513
-100.0,100,42822.857698
-100.0,100,42851.355765
-100.0,100,42880.097766
-100.0,100,42908.65999
-100.0,100,42937.475441
-100.0,100,42968.491594
-100.0,100,42996.695768
-100.0,100,43025.267777
-100.0,100,43054.824059
-100.0,100,43083.203836
-100.0,100,43112.652759
-100.0,100,43141.275697
-100.0,100,43170.316286
-100.0,100,43199.344395
-100.0,100,43227.94361
-100.0,100,43257.70373
-100.0,100,43286.259691
-100.0,100,43310.919427
-100.0,100,43336.007396
-100.0,100,43361.571621
-100.0,100,43386.844514
-100.0,100,43411.856446
-100.0,100,43436.515645
-100.0,100,43461.779846
-100.0,100,43486.887493
-100.0,100,43513.331686
-100.0,100,43539.158022
-100.0,100,43568.132413
-100.0,100,43597.267543
-100.0,100,43626.156328
-100.0,100,43657.608327
-100.0,100,43685.868486
-100.0,100,43714.796046
-100.0,100,43743.388278
-100.0,100,43772.060354
-100.0,100,43800.988126
-100.0,100,43830.583925
-100.0,100,43858.627481
-100.0,100,43886.672322
-100.0,100,43915.820317
-100.0,100,43944.663692
-100.0,100,43973.667904
-100.0,100,44002.588596
-100.0,100,44030.280681
-100.0,100,44059.744317
-100.0,100,44088.984508
-100.0,100,44117.851452
-100.0,100,44147.41325
-100.0,100,44176.408074
-100.0,100,44204.672084
-100.0,100,44232.529172
-100.0,100,44262.240305
-100.0,100,44291.339768
-100.0,100,44322.575385
-100.0,100,44352.692311
-100.0,100,44382.555951
-100.0,100,44410.672449
-100.0,100,44438.648594
-100.0,100,44467.835789
-100.0,100,44495.827101
-100.0,100,44524.880453
-100.0,100,44553.788085
-100.0,100,44581.704161
-100.0,100,44611.432918
-100.0,100,44639.783804
-100.0,100,44667.780051
-100.0,100,44695.772407
-100.0,100,44725.656473
-100.0,100,44754.084141
-100.0,100,44782.69997
-100.0,100,44810.896165
-100.0,100,44840.411565
-100.0,100,44869.63233
-100.0,100,44897.991437
-100.0,100,44926.97593
-100.0,100,44955.255704
-100.0,100,44984.587529
-100.0,100,45010.199611
-100.0,100,45036.295674
-100.0,100,45061.308082
-100.0,100,45086.372205
-100.0,100,45112.07172
-100.0,100,45137.24416
-100.0,100,45162.151849
-100.0,100,45187.063989
-100.0,100,45212.568231
-100.0,100,45238.623496
-100.0,100,45267.828475
-100.0,100,45296.223428
-100.0,100,45323.963562
-100.0,100,45353.585705
-100.0,100,45381.903426
-100.0,100,45410.47615
-100.0,100,45439.875767
-100.0,100,45468.265528
-100.0,100,45496.919791
-100.0,100,45525.168224
-100.0,100,45552.913759
-100.0,100,45582.395988
-100.0,100,45611.187838
-100.0,100,45640.307487
-100.0,100,45669.200764
-100.0,100,45699.167998
-100.0,100,45729.36758
-100.0,100,45757.753422
-100.0,100,45786.891642
-100.0,100,45815.491868
-100.0,100,45844.524168
-100.0,100,45873.636115
-100.0,100,45901.879534
-100.0,100,45931.096248
-100.0,100,45959.47431
-100.0,100,45989.051388
-100.0,100,46019.251544
-100.0,100,46048.023631
-100.0,100,46076.031852
-100.0,100,46104.208801
-100.0,100,46132.476055
-100.0,100,46162.219671
-100.0,100,46190.996755
-100.0,100,46219.579406
-100.0,100,46249.227319
-100.0,100,46277.896511
-100.0,100,46306.758758
-100.0,100,46335.444363
-100.0,100,46363.844011
-100.0,100,46395.212447
-100.0,100,46425.031493
-100.0,100,46453.089554
-100.0,100,46481.955493
-100.0,100,46510.692416
-100.0,100,46539.287426
-100.0,100,46568.289497
-100.0,100,46596.267491
-100.0,100,46625.155886
-100.0,100,46654.489067
-100.0,100,46682.652005
-100.0,100,46707.519353
-100.0,100,46732.301096
-100.0,100,46757.179824
-100.0,100,46782.309386
-100.0,100,46807.327556
-100.0,100,46832.035594
-100.0,100,46856.504193
-100.0,100,46881.563292
-100.0,100,46905.931939
-100.0,100,46933.923985
-100.0,100,46964.195584
-100.0,100,46996.279659
-100.0,100,47028.124341
-100.0,100,47059.103921
-100.0,100,47092.621717
-100.0,100,47129.007804
-100.0,100,47157.207882
-100.0,100,47184.912307
-100.0,100,47214.236129
-100.0,100,47242.784312
-100.0,100,47271.731348
-100.0,100,47300.431683
-100.0,100,47328.820341
-100.0,100,47357.996282
-100.0,100,47386.559381
-100.0,100,47413.975929
-100.0,100,47442.679769
-100.0,100,47470.755351
-100.0,100,47500.948376
-100.0,100,47529.75144
-100.0,100,47559.311844
-100.0,100,47587.739672
-100.0,100,47617.663713
-100.0,100,47646.328474
-100.0,100,47675.432177
-100.0,100,47705.20354
-100.0,100,47734.060037
-100.0,100,47762.863573
-100.0,100,47794.651528
-100.0,100,47823.853687
-100.0,100,47851.939692
-100.0,100,47880.680683
-100.0,100,47908.611455
-100.0,100,47938.120372
-100.0,100,47967.087534
-100.0,100,47996.059627
-100.0,100,48024.057312
-100.0,100,48052.500548
-100.0,100,48082.03203
-100.0,100,48109.900023
-100.0,100,48137.979351
-100.0,100,48166.767443
-100.0,100,48194.7201
-100.0,100,48225.432127
-100.0,100,48254.340546
-100.0,100,48283.829199
-100.0,100,48313.195479
-100.0,100,48342.223779
-100.0,100,48371.980975
-100.0,100,48400.5758
-100.0,100,48425.795385
-100.0,100,48451.327468
-100.0,100,48477.803778
-100.0,100,48502.843782
-100.0,100,48528.30394
-100.0,100,48552.740289
-100.0,100,48578.351582
-100.0,100,48604.020092
-100.0,100,48629.183429
-100.0,100,48656.33608
-100.0,100,48685.05954
-100.0,100,48714.580064
-100.0,100,48742.860546
-100.0,100,48771.964405
-100.0,100,48801.595409
-100.0,100,48829.767539
-100.0,100,48856.968316
-100.0,100,48886.09249
-100.0,100,48914.196156
-100.0,100,48942.499988
-100.0,100,48973.487942
-100.0,100,49001.935825
-100.0,100,49031.208342
-100.0,100,49060.276531
-100.0,100,49088.419608
-100.0,100,49116.836097
-100.0,100,49145.716288
-100.0,100,49176.227591
-100.0,100,49206.404353
-100.0,100,49234.847837
-100.0,100,49263.28161
-100.0,100,49291.86842
-100.0,100,49321.216078
-100.0,100,49351.303628
-100.0,100,49380.116545
-100.0,100,49409.339796
-100.0,100,49436.984301
-100.0,100,49466.435473
-100.0,100,49494.995431
-100.0,100,49523.552448
-100.0,100,49554.32361
-100.0,100,49583.168534
-100.0,100,49610.73997
-100.0,100,49638.887523
-100.0,100,49667.99729
-100.0,100,49696.612158
-100.0,100,49725.092144
-100.0,100,49753.687468
-100.0,100,49781.520596
-100.0,100,49810.752117
-100.0,100,49841.043441
-100.0,100,49870.753847
-100.0,100,49897.291958
-100.0,100,49924.585638
-100.0,100,49950.955772
-100.0,100,49978.140228
-100.0,100,50005.131944
-100.0,100,50032.007948
-100.0,100,50059.104422
-100.0,100,50086.219623
-100.0,100,50110.207551
-100.0,100,50133.852456
-100.0,100,50157.331953
-100.0,100,50181.183812
-100.0,100,50205.120509
-100.0,100,50228.940326
-100.0,100,50252.519805
-100.0,100,50276.107996
-100.0,100,50299.815964
-100.0,100,50325.776193
-100.0,100,50352.191562
-100.0,100,50379.064101
-100.0,100,50406.111876
-100.0,100,50432.891895
-100.0,100,50459.244208
-100.0,100,50485.603945
-100.0,100,50512.080359
-100.0,100,50538.044297
-100.0,100,50564.924654
-100.0,100,50591.279494
-100.0,100,50617.207865
-100.0,100,50643.423929
-100.0,100,50669.812284
-100.0,100,50696.371444
-100.0,100,50723.492709
-100.0,100,50750.648115
-100.0,100,50777.208994
-100.0,100,50804.444631
-100.0,100,50831.35614
-100.0,100,50858.008207
-100.0,100,50885.083557
-100.0,100,50911.891437
-100.0,100,50938.791832
-100.0,100,50965.87201
-100.0,100,50992.051684
-100.0,100,51018.483924
-100.0,100,51044.808969
-100.0,100,51071.575972
-100.0,100,51099.268074
-100.0,100,51126.672309
-100.0,100,51153.963891
-100.0,100,51180.571707
-100.0,100,51207.764428
-100.0,100,51235.091427
-100.0,100,51262.22442
-100.0,100,51288.479871
-100.0,100,51316.279905
-100.0,100,51343.087713
-100.0,100,51369.68254
-100.0,100,51396.608332
-100.0,100,51423.721157
-100.0,100,51450.98053
-100.0,100,51478.024445
-100.0,100,51505.060091
-100.0,100,51531.647787
-100.0,100,51558.632285
-100.0,100,51585.899996
-100.0,100,51613.376132
-100.0,100,51639.823526
-100.0,100,51666.624178
-100.0,100,51690.139574
-100.0,100,51713.415789
-100.0,100,51736.824245
-100.0,100,51760.512298
-100.0,100,51784.20471
-100.0,100,51808.052478
-100.0,100,51832.104745
-100.0,100,51855.564007
-100.0,100,51879.264199
-100.0,100,51906.787997
-100.0,100,51932.752004
-100.0,100,51959.85596
-100.0,100,51986.401145
-100.0,100,52012.943805
-100.0,100,52039.752144
-100.0,100,52066.004292
-100.0,100,52092.067741
-100.0,100,52118.452066
-100.0,100,52145.359372
-100.0,100,52171.935958
-100.0,100,52198.18794
-100.0,100,52224.380202
-100.0,100,52251.44352
-100.0,100,52277.843775
-100.0,100,52304.591749
-100.0,100,52331.248204
-100.0,100,52358.901412
-100.0,100,52385.324549
-100.0,100,52411.851657
-100.0,100,52438.872067
-100.0,100,52465.712186
-100.0,100,52492.923889
-100.0,100,52520.664136
-100.0,100,52547.031566
-100.0,100,52573.815988
-100.0,100,52601.209938
-100.0,100,52627.65581
-100.0,100,52654.551903
-100.0,100,52681.832343
-100.0,100,52708.644336
-100.0,100,52735.968153
-100.0,100,52762.700205
-100.0,100,52790.34829
-100.0,100,52817.279863
-100.0,100,52843.989344
-100.0,100,52870.807671
-100.0,100,52897.097257
-100.0,100,52923.67643
-100.0,100,52950.839667
-100.0,100,52977.571461
-100.0,100,53004.37197
-100.0,100,53031.352177
-100.0,100,53057.692306
-100.0,100,53085.489614
-100.0,100,53112.119604
-100.0,100,53138.135779
-100.0,100,53165.836463
-100.0,100,53192.689245
-100.0,100,53218.915416
-100.0,100,53245.388258
-100.0,100,53268.332679
-100.0,100,53291.943571
-100.0,100,53315.467558
-100.0,100,53339.22807
-100.0,100,53362.672551
-100.0,100,53385.951878
-100.0,100,53409.46398
-100.0,100,53432.975382
-100.0,100,53456.435333
-100.0,100,53483.65145
-100.0,100,53510.995482
-100.0,100,53537.603413
-100.0,100,53564.991382
-100.0,100,53592.007435
-100.0,100,53618.812135
-100.0,100,53645.571687
-100.0,100,53671.571899
-100.0,100,53697.428672
-100.0,100,53723.89165
-100.0,100,53750.144088
-100.0,100,53776.423964
-100.0,100,53802.488607
-100.0,100,53829.799772
-100.0,100,53856.727611
-100.0,100,53883.163561
-100.0,100,53910.819762
-100.0,100,53938.015907
-100.0,100,53965.388191
-100.0,100,53993.535421
-100.0,100,54020.931445
-100.0,100,54048.147473
-100.0,100,54074.317556
-100.0,100,54101.680282
-100.0,100,54129.05182
-100.0,100,54157.05173
-100.0,100,54185.07182
-100.0,100,54212.368952
-100.0,100,54240.18057
-100.0,100,54267.064257
-100.0,100,54293.895417
-100.0,100,54320.855963
-100.0,100,54348.262734
-100.0,100,54375.044449
-100.0,100,54403.311446
-100.0,100,54430.736558
-100.0,100,54458.448286
-100.0,100,54485.492113
-100.0,100,54512.927447
-100.0,100,54539.791414
-100.0,100,54567.17541
-100.0,100,54594.143411
-100.0,100,54621.347705
-100.0,100,54647.719409
-100.0,100,54675.384088
-100.0,100,54703.447502
-100.0,100,54730.723413
-100.0,100,54757.131386
-100.0,100,54784.271341
-100.0,100,54811.264524
-100.0,100,54837.702625
-100.0,100,54861.292256
-100.0,100,54885.148023
-100.0,100,54909.324243
-100.0,100,54933.011876
-100.0,100,54957.019618
-100.0,100,54981.051612
-100.0,100,55004.719665
-100.0,100,55028.751985
-100.0,100,55052.556661
-100.0,100,55077.175785
-100.0,100,55103.387395
-100.0,100,55130.547412
-100.0,100,55157.103434
-100.0,100,55183.480775
-100.0,100,55210.127411
-100.0,100,55236.911716
-100.0,100,55263.428384
-100.0,100,55289.831393
-100.0,100,55315.903434
-100.0,100,55342.531399
-100.0,100,55368.859438
-100.0,100,55395.156318
-100.0,100,55421.81143
-100.0,100,55448.611961
-100.0,100,55475.552225
-100.0,100,55503.13565
-100.0,100,55530.007419
-100.0,100,55557.592184
-100.0,100,55584.955398
-100.0,100,55612.404367
-100.0,100,55639.669745
-100.0,100,55665.999521
-100.0,100,55692.351489
-100.0,100,55719.303468
-100.0,100,55746.031419
-100.0,100,55773.135449
-100.0,100,55800.043434
-100.0,100,55826.523453
-100.0,100,55852.687383
-100.0,100,55879.724488
-100.0,100,55906.340446
-100.0,100,55933.155329
-100.0,100,55960.523407
-100.0,100,55986.668165
-100.0,100,56013.635335
-100.0,100,56040.567475
-100.0,100,56067.259609
-100.0,100,56094.344318
-100.0,100,56120.924469
-100.0,100,56147.744707
-100.0,100,56175.904212
-100.0,100,56202.79943
-100.0,100,56229.120394
-100.0,100,56256.344383
-100.0,100,56282.488007
-100.0,100,56309.712101
-100.0,100,56336.399742
-100.0,100,56363.479783
-100.0,100,56390.494767
-100.0,100,56418.03578
-100.0,100,56441.860557
-100.0,100,56465.787526
-100.0,100,56489.452164
-100.0,100,56512.816959
-100.0,100,56537.003743
-100.0,100,56560.644061
-100.0,100,56584.580309
-100.0,100,56608.263589
-100.0,100,56632.204447
-100.0,100,56656.891688
-100.0,100,56683.123452
-100.0,100,56709.867994
-100.0,100,56735.951369
-100.0,100,56763.288147
-100.0,100,56789.795415
-100.0,100,56817.487321
-100.0,100,56844.08381
-100.0,100,56870.831909
-100.0,100,56897.167835
-100.0,100,56923.904109
-100.0,100,56950.12357
-100.0,100,56976.152212
-100.0,100,57002.73895
-100.0,100,57028.876222
-100.0,100,57055.969286
-100.0,100,57084.136297
-100.0,100,57111.952276
-100.0,100,57139.435819
-100.0,100,57166.203701
-100.0,100,57193.53933
-100.0,100,57220.747991
-100.0,100,57248.971447
-100.0,100,57276.159486
-100.0,100,57304.144029
-100.0,100,57330.943477
-100.0,100,57358.12347
-100.0,100,57384.872354
-100.0,100,57413.459666
-100.0,100,57441.63952
-100.0,100,57469.403409
-100.0,100,57495.964381
-100.0,100,57523.475739
-100.0,100,57551.1964
-100.0,100,57578.932481
-100.0,100,57606.024154
-100.0,100,57633.227517
-100.0,100,57660.551754
-100.0,100,57688.728793
-100.0,100,57717.134263
-100.0,100,57744.17532
-100.0,100,57771.396583
-100.0,100,57799.288243
-100.0,100,57827.719947
-100.0,100,57855.216187
-100.0,100,57882.671391
-100.0,100,57909.675883
-100.0,100,57937.663517
-100.0,100,57965.387822
-100.0,100,57993.591418
-100.0,100,58020.415427
-100.0,100,58043.939458
-100.0,100,58067.631646
-100.0,100,58091.688527
-100.0,100,58115.288168
-100.0,100,58138.743459
-100.0,100,58162.676865
-100.0,100,58186.392053
-100.0,100,58209.892981
-100.0,100,58233.448284
-100.0,100,58257.2367
-100.0,100,58284.775631
-100.0,100,58312.208853
-100.0,100,58340.699329
-100.0,100,58367.223465
-100.0,100,58393.833204
-100.0,100,58421.045741
-100.0,100,58447.951879
-100.0,100,58474.832062
-100.0,100,58501.04449
-100.0,100,58527.008537
-100.0,100,58553.375885
-100.0,100,58579.835875
-100.0,100,58606.127582
-100.0,100,58632.572704
-100.0,100,58659.735435
-100.0,100,58687.867439
-100.0,100,58714.059807
-100.0,100,58741.227841
-100.0,100,58768.859547
-100.0,100,58795.488532
-100.0,100,58822.324501
-100.0,100,58848.935425
-100.0,100,58876.704325
-100.0,100,58903.679449
-100.0,100,58929.891406
-100.0,100,58956.872108
-100.0,100,58984.000072
-100.0,100,59011.011468
-100.0,100,59038.999388
-100.0,100,59065.671618
-100.0,100,59093.808347
-100.0,100,59121.136112
-100.0,100,59148.879948
-100.0,100,59175.955404
-100.0,100,59203.344521
-100.0,100,59230.551858
-100.0,100,59258.42753
-100.0,100,59285.572041
-100.0,100,59312.295555
-100.0,100,59340.051663
-100.0,100,59368.12385
-100.0,100,59395.44371
-100.0,100,59424.335827
-100.0,100,59452.928466
-100.0,100,59481.052332
-100.0,100,59509.524325
-100.0,100,59537.80426
-100.0,100,59566.804382
-100.0,100,59595.943846
-100.0,100,59623.759695
-100.0,100,59647.391731
-100.0,100,59671.248542
-100.0,100,59694.875709
-100.0,100,59718.256124
-100.0,100,59741.91189
-100.0,100,59766.020199
-100.0,100,59789.683882
-100.0,100,59813.347353
-100.0,100,59836.780917
-100.0,100,59862.000603
-100.0,100,59889.644761
-100.0,100,59916.616117
-100.0,100,59943.507681
-100.0,100,59969.83215
-100.0,100,59996.81562
-100.0,100,60023.483709
-100.0,100,60049.387965
-100.0,100,60075.648043
-100.0,100,60102.152431
-100.0,100,60128.751841
-100.0,100,60155.121001
-100.0,100,60181.351721
-100.0,100,60207.740155
-100.0,100,60234.264044
-100.0,100,60260.980032
-100.0,100,60287.388691
-100.0,100,60314.564167
-100.0,100,60341.612314
-100.0,100,60368.443932
-100.0,100,60395.520035
-100.0,100,60422.207759
-100.0,100,60448.971755
-100.0,100,60476.590341
-100.0,100,60504.136175
-100.0,100,60531.327841
-100.0,100,60558.471893
-100.0,100,60584.707395
-100.0,100,60611.175748
-100.0,100,60638.385482
-100.0,100,60666.916329
-100.0,100,60694.48436
-100.0,100,60722.343702
-100.0,100,60749.687822
-100.0,100,60775.923654
-100.0,100,60802.660089
-100.0,100,60829.679342
-100.0,100,60856.432186
-100.0,100,60885.215591
-100.0,100,60911.748185
-100.0,100,60939.180253
-100.0,100,60966.035663
-100.0,100,60992.667518
-100.0,100,61019.760379
-100.0,100,61048.399551
-100.0,100,61075.36769
-100.0,100,61103.152696
-100.0,100,61130.483771
-100.0,100,61158.01233
-100.0,100,61184.683997
-100.0,100,61211.871682
-100.0,100,61235.956071
-100.0,100,61259.892943
-100.0,100,61283.837174
-100.0,100,61307.928062
-100.0,100,61331.664098
-100.0,100,61355.716254
-100.0,100,61380.000453
-100.0,100,61404.255653
-100.0,100,61427.599796
-100.0,100,61451.396169
-100.0,100,61477.827605
-100.0,100,61504.844793
-100.0,100,61531.699634
-100.0,100,61558.792065
-100.0,100,61586.743897
-100.0,100,61613.631706
-100.0,100,61639.736491
-100.0,100,61666.091725
-100.0,100,61693.04733
-100.0,100,61719.047502
-100.0,100,61746.19259
-100.0,100,61772.527902
-100.0,100,61800.422434
-100.0,100,61826.836785
-100.0,100,61853.571597
-100.0,100,61882.576237
-100.0,100,61910.325105
-100.0,100,61938.0488
-100.0,100,61966.198751
-100.0,100,61993.811441
-100.0,100,62020.935256
-100.0,100,62047.180066
-100.0,100,62075.063427
-100.0,100,62102.155409
-100.0,100,62128.928064
-100.0,100,62155.547437
-100.0,100,62182.215422
-100.0,100,62209.079445
-100.0,100,62235.798235
-100.0,100,62262.857181
-100.0,100,62289.715593
-100.0,100,62317.057431
-100.0,100,62344.456548
-100.0,100,62371.408253
-100.0,100,62398.747714
-100.0,100,62425.495672
-100.0,100,62452.832134
-100.0,100,62479.880135
-100.0,100,62506.724259
-100.0,100,62533.503712
-100.0,100,62561.364138
-100.0,100,62588.895958
-100.0,100,62615.088174
-100.0,100,62642.395542
-100.0,100,62668.859711
-100.0,100,62696.177032
-100.0,100,62723.208317
-100.0,100,62750.75173
-100.0,100,62777.708347
-100.0,100,62804.604097
-100.0,100,62828.061664
-100.0,100,62851.060061
-100.0,100,62874.816266
-100.0,100,62898.63178
-100.0,100,62922.331922
-100.0,100,62946.019594
-100.0,100,62969.832266
-100.0,100,62993.675598
-100.0,100,63017.727898
-100.0,100,63042.500502
-100.0,100,63069.744667
-100.0,100,63096.895564
-100.0,100,63124.311962
-100.0,100,63151.05978
-100.0,100,63177.795735
-100.0,100,63204.624262
-100.0,100,63230.83212
-100.0,100,63256.971502
-100.0,100,63283.691649
-100.0,100,63310.783612
-100.0,100,63337.896334
-100.0,100,63363.971688
-100.0,100,63390.411861
-100.0,100,63417.083695
-100.0,100,63444.900014
-100.0,100,63471.767596
-100.0,100,63499.369291
-100.0,100,63526.219714
-100.0,100,63553.168014
-100.0,100,63580.316382
-100.0,100,63607.075567
-100.0,100,63634.812947
-100.0,100,63661.871649
-100.0,100,63688.871866
-100.0,100,63715.628509
-100.0,100,63742.651855
-100.0,100,63768.90404
-100.0,100,63795.743395
-100.0,100,63822.455372
-100.0,100,63849.052542
-100.0,100,63876.30001
-100.0,100,63902.773454
-100.0,100,63929.406482
-100.0,100,63956.599892
-100.0,100,63983.816417
-100.0,100,64010.98042
-100.0,100,64037.952421
-100.0,100,64064.881238
-100.0,100,64091.367675
-100.0,100,64119.123927
-100.0,100,64146.439833
-100.0,100,64172.736208
-100.0,100,64200.971987
-100.0,100,64228.124112
-100.0,100,64255.512178
-100.0,100,64283.423865
-100.0,100,64310.779409
-100.0,100,64338.184406
-100.0,100,64365.399659
-100.0,100,64393.124302
-100.0,100,64417.287663
-100.0,100,64441.220095
-100.0,100,64464.607684
-100.0,100,64488.307785
-100.0,100,64511.615916
-100.0,100,64535.14405
-100.0,100,64558.632261
-100.0,100,64582.279694
-100.0,100,64605.479568
-100.0,100,64631.8959
-100.0,100,64660.76757
-100.0,100,64687.567447
-100.0,100,64714.735578
-100.0,100,64741.928209
-100.0,100,64769.139556
-100.0,100,64796.431892
-100.0,100,64822.924401
-100.0,100,64849.554502
-100.0,100,64875.479915
-100.0,100,64901.708806
-100.0,100,64928.303618
-100.0,100,64954.975579
-100.0,100,64981.176245
-100.0,100,65007.984052
-100.0,100,65034.307939
-100.0,100,65061.251595
-100.0,100,65088.212332
-100.0,100,65115.296172
-100.0,100,65141.959794
-100.0,100,65168.687368
-100.0,100,65196.228188
-100.0,100,65223.032202
-100.0,100,65249.815888
-100.0,100,65276.812489
-100.0,100,65304.124288
-100.0,100,65331.288434
-100.0,100,65358.219622
-100.0,100,65385.274504
-100.0,100,65411.767895
-100.0,100,65438.823575
-100.0,100,65464.940388
-100.0,100,65491.716185
-100.0,100,65518.928309
-100.0,100,65546.247682
-100.0,100,65574.359669
-100.0,100,65602.155753
-100.0,100,65630.032109
-100.0,100,65658.739506
-100.0,100,65686.856535
-100.0,100,65714.052237
-100.0,100,65741.260697
-100.0,100,65768.367628
-100.0,100,65796.971496
-100.0,100,65824.172
-100.0,100,65851.980444
-100.0,100,65879.467773
-100.0,100,65906.156073
-100.0,100,65933.715927
-100.0,100,65960.356124
-100.0,100,65987.7355
-100.0,100,66011.811824
-100.0,100,66035.588012
-100.0,100,66059.488483
-100.0,100,66083.236558
-100.0,100,66107.240662
-100.0,100,66131.223567
-100.0,100,66155.007741
-100.0,100,66178.323767
-100.0,100,66202.047928
-100.0,100,66227.539891
-100.0,100,66254.068111
-100.0,100,66281.423533
-100.0,100,66308.076449
-100.0,100,66334.548063
-100.0,100,66361.392612
-100.0,100,66388.144397
-100.0,100,66414.840427
-100.0,100,66441.621399
-100.0,100,66467.944575
-100.0,100,66494.47626
-100.0,100,66521.267924
-100.0,100,66548.068275
-100.0,100,66574.7162
-100.0,100,66601.153162
-100.0,100,66627.487707
-100.0,100,66654.872325
-100.0,100,66681.639563
-100.0,100,66708.308303
-100.0,100,66735.747965
-100.0,100,66762.963479
-100.0,100,66790.751592
-100.0,100,66818.071608
-100.0,100,66845.319668
-100.0,100,66872.667418
-100.0,100,66900.116236
-100.0,100,66927.340084
-100.0,100,66953.839772
-100.0,100,66981.76362
-100.0,100,67009.643348
-100.0,100,67037.122724
-100.0,100,67063.871637
-100.0,100,67091.083924
-100.0,100,67118.135398
-100.0,100,67146.752166
-100.0,100,67173.143489
-100.0,100,67200.435769
-100.0,100,67227.036054
-100.0,100,67254.588319
-100.0,100,67282.359835
-100.0,100,67309.567667
-100.0,100,67336.868396
-100.0,100,67365.16908
-100.0,100,67392.784189
-100.0,100,67420.403867
-100.0,100,67447.88811
-100.0,100,67476.215431
-100.0,100,67504.584552
-100.0,100,67532.13162
-100.0,100,67560.25178
-100.0,100,67588.107587
-100.0,100,67611.624341
-100.0,100,67635.363532
-100.0,100,67659.527974
-100.0,100,67683.643702
-100.0,100,67707.327721
-100.0,100,67731.10481
-100.0,100,67754.69994
-100.0,100,67778.343474
-100.0,100,67802.120559
-100.0,100,67827.596536
-100.0,100,67854.431775
-100.0,100,67881.811646
-100.0,100,67908.903412
-100.0,100,67936.303888
-100.0,100,67963.392114
-100.0,100,67990.420318
-100.0,100,68016.839681
-100.0,100,68043.287706
-100.0,100,68069.907909
-100.0,100,68096.643738
-100.0,100,68123.396299
-100.0,100,68149.567883
-100.0,100,68176.759722
-100.0,100,68203.643942
-100.0,100,68230.431586
-100.0,100,68256.992142
-100.0,100,68283.932145
-100.0,100,68310.604304
-100.0,100,68337.808125
-100.0,100,68365.728169
-100.0,100,68392.432017
-100.0,100,68419.207569
-100.0,100,68446.24394
-100.0,100,68472.85611
-100.0,100,68500.167825
-100.0,100,68526.692724
-100.0,100,68554.568297
-100.0,100,68581.824226
-100.0,100,68609.876428
-100.0,100,68636.851552
-100.0,100,68663.923442
-100.0,100,68691.019793
-100.0,100,68718.643875
-100.0,100,68745.600358
-100.0,100,68772.419494
-100.0,100,68798.835658
-100.0,100,68825.695562
-100.0,100,68852.931479
-100.0,100,68880.016425
-100.0,100,68906.251983
-100.0,100,68933.068333
-100.0,100,68959.891487
-100.0,100,68986.476104
-100.0,100,69012.920301
-100.0,100,69040.099795
-100.0,100,69067.100644
-100.0,100,69093.987483
-100.0,100,69121.491667
-100.0,100,69148.275895
-100.0,100,69175.660206
-100.0,100,69199.308234
-100.0,100,69222.916058
-100.0,100,69246.53569
-100.0,100,69270.311861
-100.0,100,69294.367667
-100.0,100,69318.224422
-100.0,100,69342.145096
-100.0,100,69365.623612
-100.0,100,69389.595968
-100.0,100,69414.580341
-100.0,100,69441.631869
-100.0,100,69467.991614
-100.0,100,69495.451915
-100.0,100,69522.087769
-100.0,100,69549.095446
-100.0,100,69576.164963
-100.0,100,69602.707687
-100.0,100,69628.859555
-100.0,100,69655.411612
-100.0,100,69681.400484
-100.0,100,69708.204101
-100.0,100,69735.401646
-100.0,100,69761.628463
-100.0,100,69788.312181
-100.0,100,69814.945673
-100.0,100,69842.108461
-100.0,100,69869.168666
-100.0,100,69895.783794
-100.0,100,69922.936036
-100.0,100,69950.219478
-100.0,100,69977.259905
-100.0,100,70004.191688
-100.0,100,70030.656461
-100.0,100,70057.76804
-100.0,100,70084.824188
-100.0,100,70111.299827
-100.0,100,70137.332794
-100.0,100,70164.456301
-100.0,100,70191.291753
-100.0,100,70219.051494
-100.0,100,70245.788069
-100.0,100,70272.647779
-100.0,100,70299.404525
-100.0,100,70326.980564
-100.0,100,70353.575453
-100.0,100,70379.931562
-100.0,100,70407.668394
-100.0,100,70434.563377
-100.0,100,70461.287822
-100.0,100,70488.712358
-100.0,100,70515.872288
-100.0,100,70543.175789
-100.0,100,70570.055767
-100.0,100,70597.240211
-100.0,100,70624.800336
-100.0,100,70651.888315
-100.0,100,70679.039757
-100.0,100,70706.584022
-100.0,100,70733.339683
-100.0,100,70760.171365
-100.0,100,70783.848151
-100.0,100,70807.520427
-100.0,100,70831.231403
-100.0,100,70854.924273
-100.0,100,70878.984246
-100.0,100,70902.651568
-100.0,100,70926.443663
-100.0,100,70949.725332
-100.0,100,70973.507853
-100.0,100,70998.892057
-100.0,100,71026.016328
-100.0,100,71052.428117
-100.0,100,71079.895762
-100.0,100,71107.62335
-100.0,100,71135.031563
-100.0,100,71162.83371
-100.0,100,71189.680044
-100.0,100,71216.38835
-100.0,100,71243.339588
-100.0,100,71269.736046
-100.0,100,71295.884161
-100.0,100,71322.023551
-100.0,100,71348.693622
-100.0,100,71374.891671
-100.0,100,71401.616222
-100.0,100,71428.675766
-100.0,100,71456.133628
-100.0,100,71484.087865
-100.0,100,71513.267986
-100.0,100,71541.312393
-100.0,100,71570.404167
-100.0,100,71597.236305
-100.0,100,71625.127932
-100.0,100,71651.568135
-100.0,100,71678.324197
-100.0,100,71705.467761
-100.0,100,71734.016347
-100.0,100,71762.156312
-100.0,100,71788.879971
-100.0,100,71815.667622
-100.0,100,71842.719916
-100.0,100,71869.699741
-100.0,100,71896.863445
-100.0,100,71924.452101
-100.0,100,71951.151632
-100.0,100,71978.096094
-100.0,100,72004.827859
-100.0,100,72031.33352
-100.0,100,72058.68007
-100.0,100,72086.008216
-100.0,100,72114.175795
-100.0,100,72141.447685
-100.0,100,72168.624137
-100.0,100,72195.308851
-100.0,100,72222.508439
-100.0,100,72250.00767
-100.0,100,72278.843966
-100.0,100,72307.114377
-100.0,100,72335.704026
-100.0,100,72363.349419
-100.0,100,72387.444594
-100.0,100,72411.891782
-100.0,100,72435.487447
-100.0,100,72459.224472
-100.0,100,72483.215895
-100.0,100,72507.395746
-100.0,100,72531.55987
-100.0,100,72555.648328
-100.0,100,72579.231411
-100.0,100,72602.764172
-100.0,100,72630.72808
-100.0,100,72659.615774
-100.0,100,72688.707849
-100.0,100,72717.572135
-100.0,100,72745.82843
-100.0,100,72774.856132
-100.0,100,72801.656424
-100.0,100,72828.317009
-100.0,100,72855.385557
-100.0,100,72882.42037
-100.0,100,72908.696321
-100.0,100,72935.487474
-100.0,100,72962.479762
-100.0,100,72989.427979
-100.0,100,73016.456331
-100.0,100,73043.412453
-100.0,100,73070.727697
-100.0,100,73097.668514
-100.0,100,73124.144279
-100.0,100,73152.503924
-100.0,100,73179.756209
-100.0,100,73206.499403
-100.0,100,73233.367514
-100.0,100,73260.515489
-100.0,100,73287.412326
-100.0,100,73313.852715
-100.0,100,73341.175549
-100.0,100,73368.505332
-100.0,100,73395.356109
-100.0,100,73422.484581
-100.0,100,73449.495932
-100.0,100,73476.237572
-100.0,100,73503.183867
-100.0,100,73530.540319
-100.0,100,73557.800057
-100.0,100,73584.841159
-100.0,100,73612.044162
-100.0,100,73639.851675
-100.0,100,73666.976264
-100.0,100,73694.384481
-100.0,100,73721.739987
-100.0,100,73749.176012
-100.0,100,73776.020343
-100.0,100,73803.340174
-100.0,100,73830.286824
-100.0,100,73857.072591
-100.0,100,73884.06763
-100.0,100,73910.300322
-100.0,100,73937.643906
-100.0,100,73964.279895
-100.0,100,73988.307798
-100.0,100,74012.239605
-100.0,100,74035.472484
-100.0,100,74059.467368
-100.0,100,74083.304013
-100.0,100,74107.009363
-100.0,100,74130.8081
-100.0,100,74155.087425
-100.0,100,74178.915467
-100.0,100,74203.659763
-100.0,100,74230.936213
-100.0,100,74257.647438
-100.0,100,74285.220322
-100.0,100,74312.523704
-100.0,100,74339.632365
-100.0,100,74366.239813
-100.0,100,74392.968307
-100.0,100,74419.451638
-100.0,100,74446.952134
-100.0,100,74473.708378
-100.0,100,74500.920414
-100.0,100,74527.639973
-100.0,100,74554.631819
-100.0,100,74580.687478
-100.0,100,74607.87196
-100.0,100,74635.223551
-100.0,100,74662.624093
-100.0,100,74689.633613
-100.0,100,74716.671776
-100.0,100,74743.628003
-100.0,100,74770.443819
-100.0,100,74797.615532
-100.0,100,74824.524478
-100.0,100,74852.775436
-100.0,100,74879.647811
-100.0,100,74907.127753
-100.0,100,74934.371575
-100.0,100,74961.084183
-100.0,100,74987.30814
-100.0,100,75013.655695
-100.0,100,75041.183483
-100.0,100,75068.036527
-100.0,100,75094.704018
-100.0,100,75122.320507
-100.0,100,75150.320208
-100.0,100,75177.143972
-100.0,100,75204.200536
-100.0,100,75231.480054
-100.0,100,75258.432173
-100.0,100,75286.384043
-100.0,100,75313.532069
-100.0,100,75340.520304
-100.0,100,75367.587849
-100.0,100,75394.472069
-100.0,100,75421.741155
-100.0,100,75448.491685
-100.0,100,75475.573951
-100.0,100,75503.035725
-100.0,100,75530.12038
-100.0,100,75557.795861
-100.0,100,75581.480204
-100.0,100,75604.762624
-100.0,100,75628.387985
-100.0,100,75651.668481
-100.0,100,75675.072357
-100.0,100,75698.827395
-100.0,100,75722.020084
-100.0,100,75745.396369
-100.0,100,75768.679879
-100.0,100,75797.168183
-100.0,100,75824.075595
-100.0,100,75850.89556
-100.0,100,75877.524411
-100.0,100,75904.255926
-100.0,100,75931.983913
-100.0,100,75959.278423
-100.0,100,75985.919773
-100.0,100,76013.103887
-100.0,100,76039.240701
-100.0,100,76065.831896
-100.0,100,76091.924018
-100.0,100,76119.388387
-100.0,100,76146.043793
-100.0,100,76172.772454
-100.0,100,76199.81238
-100.0,100,76226.67188
-100.0,100,76253.544305
-100.0,100,76280.720778
-100.0,100,76307.396122
-100.0,100,76334.623685
-100.0,100,76362.376052
-100.0,100,76388.499399
-100.0,100,76416.560284
-100.0,100,76443.768004
-100.0,100,76469.895838
-100.0,100,76497.268015
-100.0,100,76524.575581
-100.0,100,76552.4355
-100.0,100,76579.607681
-100.0,100,76606.080478
-100.0,100,76633.932259
-100.0,100,76661.132012
-100.0,100,76688.087498
-100.0,100,76715.168188
-100.0,100,76741.811633
-100.0,100,76768.841953
-100.0,100,76796.035532
-100.0,100,76823.347917
-100.0,100,76851.099562
-100.0,100,76878.232457
-100.0,100,76904.660348
-100.0,100,76933.11171
-100.0,100,76960.184189
-100.0,100,76987.316467
-100.0,100,77014.204166
-100.0,100,77041.511845
-100.0,100,77068.892275
-100.0,100,77096.524137
-100.0,100,77123.872354
-100.0,100,77150.839484
-100.0,100,77174.632005
-100.0,100,77198.684486
-100.0,100,77222.715508
-100.0,100,77246.872104
-100.0,100,77270.876185
-100.0,100,77295.007454
-100.0,100,77319.204575
-100.0,100,77342.752531
-100.0,100,77366.175841
-100.0,100,77390.483375
-100.0,100,77417.531554
-100.0,100,77444.587472
-100.0,100,77471.344126
-100.0,100,77498.380172
-100.0,100,77525.908238
-100.0,100,77552.952515
-100.0,100,77579.495641
-100.0,100,77606.216002
-100.0,100,77632.899991
-100.0,100,77658.700207
-100.0,100,77686.027337
-100.0,100,77712.751634
-100.0,100,77739.956372
-100.0,100,77767.592049
-100.0,100,77795.832166
-100.0,100,77825.166142
-100.0,100,77854.080445
-100.0,100,77882.587635
-100.0,100,77910.572093
-100.0,100,77938.728176
-100.0,100,77966.920522
-100.0,100,77994.65246
-100.0,100,78021.615429
-100.0,100,78048.979601
-100.0,100,78076.899505
-100.0,100,78104.931785
-100.0,100,78132.387874
-100.0,100,78160.119573
-100.0,100,78188.332431
-100.0,100,78216.792258
-100.0,100,78244.940544
-100.0,100,78271.472684
-100.0,100,78298.687443
-100.0,100,78325.448266
-100.0,100,78352.491987
-100.0,100,78379.291407
-100.0,100,78406.007395
-100.0,100,78433.239434
-100.0,100,78459.95993
-100.0,100,78487.375389
-100.0,100,78514.08417
-100.0,100,78541.414641
-100.0,100,78569.372016
-100.0,100,78596.831903
-100.0,100,78624.563738
-100.0,100,78651.551445
-100.0,100,78678.003574
-100.0,100,78705.603407
-100.0,100,78732.319512
-100.0,100,78759.476072
-100.0,100,78783.091592
-100.0,100,78806.907815
-100.0,100,78830.888267
-100.0,100,78854.407482
-100.0,100,78878.336143
-100.0,100,78902.639599
-100.0,100,78927.139707
-100.0,100,78950.66768
-100.0,100,78974.788461
-100.0,100,78999.163985
-100.0,100,79026.132466
-100.0,100,79052.628274
-100.0,100,79079.863473
-100.0,100,79107.091432
-100.0,100,79133.763615
-100.0,100,79160.500273
-100.0,100,79187.161265
-100.0,100,79213.291907
-100.0,100,79240.103859
-100.0,100,79266.603918
-100.0,100,79293.527393
-100.0,100,79320.908274
-100.0,100,79347.367922
-100.0,100,79374.955419
-100.0,100,79401.071382
-100.0,100,79428.311474
-100.0,100,79455.77644
-100.0,100,79482.913464
-100.0,100,79509.979415
-100.0,100,79536.663922
-100.0,100,79563.619549
-100.0,100,79590.427393
-100.0,100,79617.71638
-100.0,100,79644.919902
-100.0,100,79672.159719
-100.0,100,79699.183885
-100.0,100,79726.559898
-100.0,100,79753.179419
-100.0,100,79779.836161
-100.0,100,79807.431407
-100.0,100,79834.196102
-100.0,100,79861.431325
-100.0,100,79888.231943
-100.0,100,79915.263439
-100.0,100,79942.389621
-100.0,100,79969.436291
-100.0,100,79997.056329
-100.0,100,80024.759397
-100.0,100,80052.571558
-100.0,100,80079.432387
-100.0,100,80106.784696
-100.0,100,80133.468482
-100.0,100,80160.183679
-100.0,100,80187.796432
-100.0,100,80214.992282
-100.0,100,80241.711617
-100.0,100,80268.560112
-100.0,100,80295.803449
-100.0,100,80323.196054
-100.0,100,80350.319806
-100.0,100,80374.039831
-100.0,100,80398.004223
-100.0,100,80421.74008
-100.0,100,80445.596227
-100.0,100,80469.655632
-100.0,100,80493.703762
-100.0,100,80517.448025
-100.0,100,80540.911825
-100.0,100,80564.608461
-100.0,100,80588.632149
-100.0,100,80616.069108
-100.0,100,80643.495807
-100.0,100,80670.184103
-100.0,100,80697.355875
-100.0,100,80724.099786
-100.0,100,80750.936076
-100.0,100,80778.399498
-100.0,100,80804.523504
-100.0,100,80831.091524
-100.0,100,80858.300384
-100.0,100,80884.347499
-100.0,100,80911.99592
-100.0,100,80938.831889
-100.0,100,80966.400748
-100.0,100,80993.108976
-100.0,100,81019.584557
-100.0,100,81047.216488
-100.0,100,81074.375569
-100.0,100,81101.707241
-100.0,100,81129.05585
-100.0,100,81154.755792
-100.0,100,81182.31153
-100.0,100,81208.767805
-100.0,100,81235.695545
-100.0,100,81263.284262
-100.0,100,81290.608998
-100.0,100,81316.907726
-100.0,100,81343.820026
-100.0,100,81370.540637
-100.0,100,81398.079488
-100.0,100,81425.064058
-100.0,100,81452.25999
-100.0,100,81479.496535
-100.0,100,81506.42025
-100.0,100,81533.104258
-100.0,100,81560.663794
-100.0,100,81587.752379
-100.0,100,81615.196462
-100.0,100,81642.459966
-100.0,100,81669.940116
-100.0,100,81696.736217
-100.0,100,81724.076247
-100.0,100,81751.271949
-100.0,100,81779.120811
-100.0,100,81806.84847
-100.0,100,81833.776318
-100.0,100,81860.719516
-100.0,100,81888.290655
-100.0,100,81916.025133
-100.0,100,81943.608201
-100.0,100,81966.895937
-100.0,100,81990.496461
-100.0,100,82014.580148
-100.0,100,82038.815965
-100.0,100,82062.804037
-100.0,100,82086.711686
-100.0,100,82110.352041
-100.0,100,82134.307674
-100.0,100,82158.191914
-100.0,100,82182.495911
-100.0,100,82209.431961
-100.0,100,82236.408326
-100.0,100,82263.488118
-100.0,100,82290.363435
-100.0,100,82317.191818
-100.0,100,82343.955869
-100.0,100,82371.515523
-100.0,100,82398.05964
-100.0,100,82425.123802
-100.0,100,82451.663999
-100.0,100,82478.240662
-100.0,100,82505.268331
-100.0,100,82532.419928
-100.0,100,82560.068306
-100.0,100,82587.044372
-100.0,100,82614.351423
-100.0,100,82640.935946
-100.0,100,82667.723628
-100.0,100,82694.648286
-100.0,100,82721.83659
-100.0,100,82749.172157
-100.0,100,82776.357807
-100.0,100,82803.755702
-100.0,100,82830.851987
-100.0,100,82857.367992
-100.0,100,82884.876905
-100.0,100,82912.248098
-100.0,100,82939.096358
-100.0,100,82966.775802
-100.0,100,82993.18803
-100.0,100,83020.320526
-100.0,100,83046.943667
-100.0,100,83074.367563
-100.0,100,83102.391794
-100.0,100,83129.305027
-100.0,100,83156.397358
-100.0,100,83183.835594
-100.0,100,83211.039607
-100.0,100,83238.587674
-100.0,100,83265.132729
-100.0,100,83292.571504
-100.0,100,83319.107975
-100.0,100,83346.420035
-100.0,100,83373.119895
-100.0,100,83401.179626
-100.0,100,83428.579639
-100.0,100,83455.523854
-100.0,100,83482.515933
-100.0,100,83509.087754
-100.0,100,83536.332347
-100.0,100,83560.291771
-100.0,100,83584.647615
-100.0,100,83608.46049
-100.0,100,83632.591721
-100.0,100,83656.088129
-100.0,100,83679.555659
-100.0,100,83703.879738
-100.0,100,83727.820236
-100.0,100,83751.743648
-100.0,100,83776.287642
-100.0,100,83802.775931
-100.0,100,83830.068404
-100.0,100,83857.356768
-100.0,100,83885.342315
-100.0,100,83911.423501
-100.0,100,83938.192282
-100.0,100,83965.111738
-100.0,100,83991.644271
-100.0,100,84018.501516
-100.0,100,84044.901096
-100.0,100,84071.612548
-100.0,100,84098.84355
-100.0,100,84125.656814
-100.0,100,84152.743587
-100.0,100,84180.992473
-100.0,100,84208.043713
-100.0,100,84235.475724
-100.0,100,84262.431959
-100.0,100,84290.963776
-100.0,100,84317.935685
-100.0,100,84345.360036
-100.0,100,84372.624276
-100.0,100,84399.690338
-100.0,100,84427.252414
-100.0,100,84454.284544
-100.0,100,84481.896313
-100.0,100,84509.952753
-100.0,100,84538.368824
-100.0,100,84566.31582
-100.0,100,84593.073095
-100.0,100,84620.880649
-100.0,100,84647.667944
-100.0,100,84675.251747
-100.0,100,84702.508489
-100.0,100,84731.408154
-100.0,100,84760.800799
-100.0,100,84789.119415
-100.0,100,84817.619898
-100.0,100,84845.424118
-100.0,100,84873.412202
-100.0,100,84901.219496
-100.0,100,84928.589463
-100.0,100,84956.049431
-100.0,100,84984.067991
-100.0,100,85011.38045
-100.0,100,85038.140189
-100.0,100,85065.656591
-100.0,100,85093.731903
-100.0,100,85120.931971
-100.0,100,85147.604073
-100.0,100,85170.996439
-100.0,100,85194.923464
-100.0,100,85218.619337
-100.0,100,85242.527811
-100.0,100,85266.147442
-100.0,100,85289.828275
-100.0,100,85313.424122
-100.0,100,85337.267761
-100.0,100,85361.015693
-100.0,100,85387.31413
-100.0,100,85414.216569
-100.0,100,85442.364441
-100.0,100,85469.219531
-100.0,100,85495.791782
-100.0,100,85522.647895
-100.0,100,85550.188369
-100.0,100,85577.323435
-100.0,100,85603.33235
-100.0,100,85629.788218
-100.0,100,85655.840305
-100.0,100,85682.748545
-100.0,100,85710.092089
-100.0,100,85736.932186
-100.0,100,85764.37985
-100.0,100,85791.960209
-100.0,100,85819.26773
-100.0,100,85846.960443
-100.0,100,85873.72844
-100.0,100,85901.100095
-100.0,100,85928.217454
-100.0,100,85955.847607
-100.0,100,85983.035411
-100.0,100,86009.927416
-100.0,100,86037.331501
-100.0,100,86064.504637
-100.0,100,86091.392126
-100.0,100,86119.05647
-100.0,100,86146.403555
-100.0,100,86173.811941
-100.0,100,86200.667461
-100.0,100,86227.684198
-100.0,100,86254.980372
-100.0,100,86282.480745
-100.0,100,86309.87833
-100.0,100,86337.207826
-100.0,100,86363.884597
-100.0,100,86390.800464
-100.0,100,86418.296118
-100.0,100,86445.555782
-100.0,100,86472.73263
-100.0,100,86499.659668
-100.0,100,86526.822439
-100.0,100,86554.531816
-100.0,100,86581.580136
-100.0,100,86608.611671
-100.0,100,86635.640042
-100.0,100,86663.365608
-100.0,100,86690.607754
-100.0,100,86717.168201
-100.0,100,86744.480156
-100.0,100,86768.019469
-100.0,100,86791.800148
-100.0,100,86814.975649
-100.0,100,86838.492066
-100.0,100,86862.051605
-100.0,100,86885.619782
-100.0,100,86909.420947
-100.0,100,86933.11222
-100.0,100,86956.864193
-100.0,100,86983.491991
-100.0,100,87011.084368
-100.0,100,87037.688863
-100.0,100,87064.627482
-100.0,100,87091.307867
-100.0,100,87117.360181
-100.0,100,87143.292354
-100.0,100,87169.923671
-100.0,100,87196.439858
-100.0,100,87222.947723
-100.0,100,87249.578593
-100.0,100,87276.147434
-100.0,100,87302.631454
-100.0,100,87330.032145
-100.0,100,87356.19247
-100.0,100,87383.463811
-100.0,100,87410.747625
-100.0,100,87438.228063
-100.0,100,87464.736408
-100.0,100,87492.151974
-100.0,100,87518.920365
-100.0,100,87545.599885
-100.0,100,87572.535938
-100.0,100,87599.756456
-100.0,100,87625.892912
-100.0,100,87653.320313
-100.0,100,87680.564179
-100.0,100,87708.004571
-100.0,100,87734.979906
-100.0,100,87761.803905
-100.0,100,87789.071693
-100.0,100,87816.551554
-100.0,100,87843.45208
-100.0,100,87870.79593
-100.0,100,87898.859502
-100.0,100,87926.908257
-100.0,100,87954.759672
-100.0,100,87981.319936
-100.0,100,88008.984056
-100.0,100,88036.064406
-100.0,100,88063.128474
-100.0,100,88090.403951
-100.0,100,88117.084972
-100.0,100,88144.551468
-100.0,100,88171.583833
-100.0,100,88198.588841
-100.0,100,88225.420198
-100.0,100,88252.203367
-100.0,100,88279.939445
-100.0,100,88307.492004
-100.0,100,88334.492342
-100.0,100,88358.751826
-100.0,100,88382.712593
-100.0,100,88406.649463
-100.0,100,88430.668283
-100.0,100,88454.268042
-100.0,100,88477.71824
-100.0,100,88501.60336
-100.0,100,88525.379853
-100.0,100,88549.220017
-100.0,100,88573.932265
-100.0,100,88600.998405
-100.0,100,88628.085062
-100.0,100,88655.65994
-100.0,100,88682.131886
-100.0,100,88708.891778
-100.0,100,88735.336019
-100.0,100,88762.331398
-100.0,100,88788.847677
-100.0,100,88815.683743
-100.0,100,88842.293358
-100.0,100,88869.137449
-100.0,100,88896.180506
-100.0,100,88923.272055
-100.0,100,88950.464123
-100.0,100,88977.860111
-100.0,100,89005.104437
-100.0,100,89033.524328
-100.0,100,89060.208062
-100.0,100,89088.360218
-100.0,100,89116.559783
-100.0,100,89144.820049
-100.0,100,89171.596222
-100.0,100,89198.775937
-100.0,100,89226.71226
-100.0,100,89254.879523
-100.0,100,89281.500231
-100.0,100,89308.899764
-100.0,100,89336.171865
-100.0,100,89363.200298
-100.0,100,89390.147504
-100.0,100,89418.43341
-100.0,100,89446.663898
-100.0,100,89473.77563
-100.0,100,89501.687557
-100.0,100,89528.831617
-100.0,100,89556.143645
-100.0,100,89585.39209
-100.0,100,89613.865505
-100.0,100,89642.619944
-100.0,100,89671.211559
-100.0,100,89700.348758
-100.0,100,89729.107374
-100.0,100,89756.90348
-100.0,100,89784.627599
-100.0,100,89811.661165
-100.0,100,89838.979439
-100.0,100,89866.528208
-100.0,100,89894.087339
-100.0,100,89922.112438
-100.0,100,89949.031444
-100.0,100,89972.472088
-100.0,100,89996.124208
-100.0,100,90020.104421
-100.0,100,90043.673306
-100.0,100,90067.496424
-100.0,100,90091.379695
-100.0,100,90115.187387
-100.0,100,90138.979649
-100.0,100,90162.811559
-100.0,100,90188.032404
-100.0,100,90215.09166
-100.0,100,90242.232077
-100.0,100,90269.007882
-100.0,100,90295.476722
-100.0,100,90321.475497
-100.0,100,90348.731946
-100.0,100,90375.757042
-100.0,100,90402.475672
-100.0,100,90428.601142
-100.0,100,90455.217848
-100.0,100,90483.067778
-100.0,100,90509.815413
-100.0,100,90537.139524
-100.0,100,90564.428122
-100.0,100,90591.37248
-100.0,100,90617.647406
-100.0,100,90644.655898
-100.0,100,90671.827978
-100.0,100,90698.739519
-100.0,100,90725.343401
-100.0,100,90753.804127
-100.0,100,90780.351911
-100.0,100,90807.235875
-100.0,100,90835.012146
-100.0,100,90862.07967
-100.0,100,90888.528304
-100.0,100,90915.640264
-100.0,100,90942.628997
-100.0,100,90969.581118
-100.0,100,90996.499668
-100.0,100,91023.848425
-100.0,100,91050.644433
-100.0,100,91077.439542
-100.0,100,91105.299772
-100.0,100,91132.492389
-100.0,100,91159.579886
-100.0,100,91187.16748
-100.0,100,91215.163542
-100.0,100,91241.648024
-100.0,100,91268.960298
-100.0,100,91296.095975
-100.0,100,91323.315437
-100.0,100,91350.683933
-100.0,100,91377.55207
-100.0,100,91404.752411
-100.0,100,91432.008427
-100.0,100,91460.0121
-100.0,100,91486.528028
-100.0,100,91513.619898
-100.0,100,91541.016267
-100.0,100,91564.679799
-100.0,100,91588.624969
-100.0,100,91612.183884
-100.0,100,91636.423502
-100.0,100,91660.675937
-100.0,100,91684.35575
-100.0,100,91708.135707
-100.0,100,91732.316042
-100.0,100,91756.023708
-100.0,100,91780.075805
-100.0,100,91807.447179
-100.0,100,91834.819749
-100.0,100,91861.076302
-100.0,100,91888.019484
-100.0,100,91914.55233
-100.0,100,91941.407892
-100.0,100,91967.387895
-100.0,100,91994.647754
-100.0,100,92021.792526
-100.0,100,92048.507757
-100.0,100,92075.280444
-100.0,100,92102.931984
-100.0,100,92130.19602
-100.0,100,92157.363749
-100.0,100,92184.30424
-100.0,100,92211.015317
-100.0,100,92237.412056
-100.0,100,92264.479788
-100.0,100,92292.103579
-100.0,100,92319.027455
-100.0,100,92346.263698
-100.0,100,92372.923746
-100.0,100,92399.667666
-100.0,100,92426.552035
-100.0,100,92453.655863
-100.0,100,92480.695471
-100.0,100,92507.848051
-100.0,100,92535.879997
-100.0,100,92562.547642
-100.0,100,92589.35571
-100.0,100,92616.843559
-100.0,100,92644.509484
-100.0,100,92671.796317
-100.0,100,92698.73545
-100.0,100,92725.799972
-100.0,100,92753.056037
-100.0,100,92780.771796
-100.0,100,92808.04792
-100.0,100,92835.127877
-100.0,100,92861.912387
-100.0,100,92889.591754
-100.0,100,92916.719759
-100.0,100,92943.983606
-100.0,100,92971.176016
-100.0,100,92998.239565
-100.0,100,93025.340364
-100.0,100,93052.606264
-100.0,100,93080.404472
-100.0,100,93107.90835
-100.0,100,93134.487759
-100.0,100,93158.167397
-100.0,100,93181.779733
-100.0,100,93205.983666
-100.0,100,93229.883649
-100.0,100,93253.227712
-100.0,100,93277.172168
-100.0,100,93300.889327
-100.0,100,93324.468158
-100.0,100,93348.032082
-100.0,100,93373.860035
-100.0,100,93400.299568
-100.0,100,93428.593117
-100.0,100,93454.816423
-100.0,100,93481.623617
-100.0,100,93509.192407
-100.0,100,93536.043815
-100.0,100,93562.316127
-100.0,100,93588.868363
-100.0,100,93615.67232
-100.0,100,93641.971491
-100.0,100,93668.244439
-100.0,100,93695.483449
-100.0,100,93722.184211
-100.0,100,93749.108054
-100.0,100,93776.452109
-100.0,100,93803.160204
-100.0,100,93830.039454
-100.0,100,93857.144183
-100.0,100,93883.727495
-100.0,100,93910.455666
-100.0,100,93937.844005
-100.0,100,93964.983485
-100.0,100,93992.463601
-100.0,100,94019.460312
-100.0,100,94046.911917
-100.0,100,94073.988199
-100.0,100,94101.568484
-100.0,100,94129.300053
-100.0,100,94156.695543
-100.0,100,94185.268117
-100.0,100,94212.396105
-100.0,100,94240.407814
-100.0,100,94268.195612
-100.0,100,94295.851791
-100.0,100,94324.091722
-100.0,100,94350.975976
-100.0,100,94378.752344
-100.0,100,94406.260947
-100.0,100,94432.955678
-100.0,100,94460.068277
-100.0,100,94486.616223
-100.0,100,94514.271564
-100.0,100,94541.177576
-100.0,100,94568.140036
-100.0,100,94595.971687
-100.0,100,94624.275979
-100.0,100,94652.324441
-100.0,100,94680.535527
-100.0,100,94708.647802
-100.0,100,94736.360273
-100.0,100,94760.108349
-100.0,100,94783.671767
-100.0,100,94807.691767
-100.0,100,94831.20631
-100.0,100,94855.376198
-100.0,100,94879.11179
-100.0,100,94902.952358
-100.0,100,94926.631493
-100.0,100,94949.83605
-100.0,100,94974.052728
-100.0,100,95002.203594
-100.0,100,95028.871692
-100.0,100,95055.024177
-100.0,100,95082.179535
-100.0,100,95108.891686
-100.0,100,95135.460041
-100.0,100,95161.724451
-100.0,100,95188.372157
-100.0,100,95214.831479
-100.0,100,95241.740341
-100.0,100,95269.267457
-100.0,100,95298.03966
-100.0,100,95325.730724
-100.0,100,95353.968482
-100.0,100,95381.155464
-100.0,100,95408.447395
-100.0,100,95435.176008
-100.0,100,95462.271421
-100.0,100,95488.931376
-100.0,100,95515.988328
-100.0,100,95543.207418
-100.0,100,95570.312276
-100.0,100,95596.735404
-100.0,100,95624.116491
-100.0,100,95651.260913
-100.0,100,95678.483381
-100.0,100,95705.071471
-100.0,100,95731.761013
-100.0,100,95758.023395
-100.0,100,95785.287435
-100.0,100,95812.978688
-100.0,100,95839.983472
-100.0,100,95867.327534
-100.0,100,95894.315466
-100.0,100,95921.331419
-100.0,100,95948.767748
-100.0,100,95975.13639
-100.0,100,96002.287714
-100.0,100,96029.444474
-100.0,100,96056.259607
-100.0,100,96083.0395
-100.0,100,96109.787399
-100.0,100,96137.159914
-100.0,100,96164.896438
-100.0,100,96192.120195
-100.0,100,96219.067532
-100.0,100,96246.624251
-100.0,100,96273.272208
-100.0,100,96300.579783
-100.0,100,96327.792044
-100.0,100,96351.327956
-100.0,100,96375.000288
-100.0,100,96398.479737
-100.0,100,96421.968802
-100.0,100,96445.991708
-100.0,100,96469.903701
-100.0,100,96493.447925
-100.0,100,96517.188459
-100.0,100,96541.126068
-100.0,100,96567.376329
-100.0,100,96594.820072
-100.0,100,96621.856321
-100.0,100,96648.455513
-100.0,100,96674.879755
-100.0,100,96702.463918
-100.0,100,96729.539922
-100.0,100,96756.590293
-100.0,100,96783.171692
-100.0,100,96809.777141
-100.0,100,96837.227794
-100.0,100,96863.904408
-100.0,100,96891.736258
-100.0,100,96918.820154
-100.0,100,96945.920023
-100.0,100,96973.383473
-100.0,100,97000.788429
-100.0,100,97027.375683
-100.0,100,97054.827882
-100.0,100,97081.596463
-100.0,100,97109.043796
-100.0,100,97135.996329
-100.0,100,97163.123991
-100.0,100,97190.214846
-100.0,100,97216.972459
-100.0,100,97243.032111
-100.0,100,97269.347595
-100.0,100,97295.420456
-100.0,100,97321.732231
-100.0,100,97347.957427
-100.0,100,97374.10009
-100.0,100,97399.943798
-100.0,100,97426.29594
-100.0,100,97452.479782
-100.0,100,97478.935959
-100.0,100,97505.108519
-100.0,100,97531.851464
-100.0,100,97557.84002
-100.0,100,97584.456612
-100.0,100,97610.445473
-100.0,100,97636.967953
-100.0,100,97663.86407
-100.0,100,97689.800028
-100.0,100,97715.852006
-100.0,100,97742.556108
-100.0,100,97769.116242
-100.0,100,97795.16837
-100.0,100,97821.376068
-100.0,100,97847.955825
-100.0,100,97874.535915
-100.0,100,97900.900295
-100.0,100,97924.063971
-100.0,100,97947.083728
-100.0,100,97970.180122
-100.0,100,97993.248326
-100.0,100,98016.249021
-100.0,100,98039.388506
-100.0,100,98062.136265
-100.0,100,98085.128684
-100.0,100,98108.217923
-100.0,100,98132.575881
-100.0,100,98158.939544
-100.0,100,98184.899487
-100.0,100,98210.228272
-100.0,100,98236.291969
-100.0,100,98262.127687
-100.0,100,98287.619604
-100.0,100,98313.271618
-100.0,100,98339.307987
-100.0,100,98365.284399
-100.0,100,98391.256092
-100.0,100,98417.215638
-100.0,100,98443.083597
-100.0,100,98469.952281
-100.0,100,98495.620112
-100.0,100,98521.899519
-100.0,100,98548.347711
-100.0,100,98574.175822
-100.0,100,98600.767831
-100.0,100,98626.528333
-100.0,100,98652.551591
-100.0,100,98678.631799
-100.0,100,98704.652275
-100.0,100,98730.604341
-100.0,100,98757.599531
-100.0,100,98784.479495
-100.0,100,98811.600237
-100.0,100,98838.88371
-100.0,100,98866.055959
-100.0,100,98892.996105
-100.0,100,98920.07558
-100.0,100,98947.259976
-100.0,100,98974.96385
-100.0,100,99001.59222
-100.0,100,99029.512306
-100.0,100,99056.904598
-100.0,100,99084.167458
-100.0,100,99112.027972
-100.0,100,99138.692265
-100.0,100,99166.072056
-100.0,100,99192.083716
-100.0,100,99219.876287
-100.0,100,99247.612004
-100.0,100,99274.819863
-100.0,100,99301.823928
-100.0,100,99327.871446
-100.0,100,99354.367741
-100.0,100,99381.563439
-100.0,100,99407.672056
-100.0,100,99433.868019
-100.0,100,99460.812349
-100.0,100,99483.536026
-100.0,100,99506.696055
-100.0,100,99529.684091
-100.0,100,99552.712491
-100.0,100,99576.091874
-100.0,100,99599.227683
-100.0,100,99622.115849
-100.0,100,99645.03948
-100.0,100,99668.184233
-100.0,100,99691.924076
-100.0,100,99717.499783
-100.0,100,99743.499583
-100.0,100,99768.992147
-100.0,100,99794.431606
-100.0,100,99819.919683
-100.0,100,99845.824078
-100.0,100,99871.831483
-100.0,100,99898.104299
-100.0,100,99923.947901
-100.0,100,99950.488288
-100.0,100,99977.147432
-100.0,100,100003.271496
-100.0,100,100029.056127
-100.0,100,100055.072119
-100.0,100,100081.392473
-100.0,100,100107.623683
-100.0,100,100133.700184
-100.0,100,100159.860324
-100.0,100,100185.396965
-100.0,100,100211.280301
-100.0,100,100237.399771
-100.0,100,100263.472082
-100.0,100,100289.635595
-100.0,100,100316.411933
-100.0,100,100342.839316
-100.0,100,100368.911784
-100.0,100,100395.07563
-100.0,100,100421.028521
-100.0,100,100447.18382
-100.0,100,100473.343924
-100.0,100,100499.348486
-100.0,100,100525.70392
-100.0,100,100552.012192
-100.0,100,100578.156473
-100.0,100,100604.260138
-100.0,100,100630.543498
-100.0,100,100656.58811
-100.0,100,100682.735409
-100.0,100,100708.799627
-100.0,100,100735.195603
-100.0,100,100761.272245
-100.0,100,100787.148181
-100.0,100,100813.304563
-100.0,100,100839.324202
-100.0,100,100865.072289
-100.0,100,100891.292277
-100.0,100,100917.884388
-100.0,100,100944.307668
-100.0,100,100970.351756
-100.0,100,100996.467464
-100.0,100,101019.351432
-100.0,100,101042.240433
-100.0,100,101065.368011
-100.0,100,101088.412373
-100.0,100,101111.511577
-100.0,100,101134.69985
-100.0,100,101157.899555
-100.0,100,101181.032051
-100.0,100,101204.156317
-100.0,100,101227.195446
-100.0,100,101252.807578
-100.0,100,101278.760045
-100.0,100,101304.620435
-100.0,100,101330.979519
-100.0,100,101356.288119
-100.0,100,101382.519547
-100.0,100,101407.991493
-100.0,100,101434.179956
-100.0,100,101460.079433
-100.0,100,101486.475345
-100.0,100,101512.623744
-100.0,100,101538.5674
-100.0,100,101564.691866
-100.0,100,101591.127811
-100.0,100,101616.892126
-100.0,100,101643.367546
-100.0,100,101669.563969
-100.0,100,101695.783657
-100.0,100,101722.139952
-100.0,100,101748.387752
-100.0,100,101774.803857
-100.0,100,101800.88745
-100.0,100,101827.11566
-100.0,100,101853.291619
-100.0,100,101879.619555
-100.0,100,101906.080367
-100.0,100,101932.140173
-100.0,100,101958.247537
-100.0,100,101985.047533
-100.0,100,102011.311609
-100.0,100,102037.635819
-100.0,100,102063.763388
-100.0,100,102089.963974
-100.0,100,102116.404436
-100.0,100,102142.560158
-100.0,100,102168.100335
-100.0,100,102194.367661
-100.0,100,102220.732567
-100.0,100,102246.972445
-100.0,100,102272.763882
-100.0,100,102299.396067
-100.0,100,102325.696232
-100.0,100,102352.091898
-100.0,100,102379.223873
-100.0,100,102405.203868
-100.0,100,102431.351596
-100.0,100,102457.267782
-100.0,100,102483.695717
-100.0,100,102510.368332
-100.0,100,102536.335877
-100.0,100,102559.472325
-100.0,100,102582.476094
-100.0,100,102605.528108
-100.0,100,102628.364214
-100.0,100,102651.459891
-100.0,100,102674.396508
-100.0,100,102697.520188
-100.0,100,102720.679395
-100.0,100,102743.960155
-100.0,100,102767.344489
-100.0,100,102793.560471
-100.0,100,102819.257031
-100.0,100,102845.155848
-100.0,100,102870.984316
-100.0,100,102897.195802
-100.0,100,102923.239863
-100.0,100,102949.284275
-100.0,100,102974.979743
-100.0,100,103000.667798
-100.0,100,103026.5756
-100.0,100,103052.507797
-100.0,100,103079.028174
-100.0,100,103105.756283
-100.0,100,103131.908097
-100.0,100,103158.391912
-100.0,100,103184.948015
-100.0,100,103210.795815
-100.0,100,103237.655823
-100.0,100,103263.943652
-100.0,100,103290.72361
-100.0,100,103316.412002
-100.0,100,103342.660192
-100.0,100,103368.736295
-100.0,100,103394.947539
-100.0,100,103421.236202
-100.0,100,103447.340013
-100.0,100,103473.951761
-100.0,100,103500.371791
-100.0,100,103527.007641
-100.0,100,103552.916328
-100.0,100,103579.403489
-100.0,100,103605.347891
-100.0,100,103631.120584
-100.0,100,103657.224012
-100.0,100,103683.024125
-100.0,100,103709.240158
-100.0,100,103735.104082
-100.0,100,103761.391806
-100.0,100,103787.476825
-100.0,100,103813.51567
-100.0,100,103839.539845
-100.0,100,103866.067631
-100.0,100,103892.291839
-100.0,100,103918.384181
-100.0,100,103944.695607
-100.0,100,103971.024398
-100.0,100,103997.727977
-100.0,100,104023.720267
-100.0,100,104050.196183
-100.0,100,104076.296262
-100.0,100,104099.291474
-100.0,100,104122.252106
-100.0,100,104145.49224
-100.0,100,104168.415779
-100.0,100,104191.507644
-100.0,100,104214.391637
-100.0,100,104237.400449
-100.0,100,104260.548225
-100.0,100,104283.911497
-100.0,100,104307.335597
-100.0,100,104332.847853
-100.0,100,104358.264018
-100.0,100,104384.484002
-100.0,100,104410.243494
-100.0,100,104435.879618
-100.0,100,104461.648265
-100.0,100,104487.312311
-100.0,100,104513.196265
-100.0,100,104539.804276
-100.0,100,104565.971565
-100.0,100,104592.235863
-100.0,100,104618.320266
-100.0,100,104644.715347
-100.0,100,104670.807567
-100.0,100,104697.128038
-100.0,100,104723.619703
-100.0,100,104749.539755
-100.0,100,104775.771695
-100.0,100,104802.440509
-100.0,100,104828.319817
-100.0,100,104854.187755
-100.0,100,104880.172257
-100.0,100,104906.239942
-100.0,100,104932.053598
-100.0,100,104958.815817
-100.0,100,104984.800026
-100.0,100,105010.78827
-100.0,100,105036.940514
-100.0,100,105063.388237
-100.0,100,105089.232362
-100.0,100,105115.815977
-100.0,100,105141.991587
-100.0,100,105168.220249
-100.0,100,105194.079422
-100.0,100,105220.283739
-100.0,100,105246.047562
-100.0,100,105272.44793
-100.0,100,105298.995656
-100.0,100,105325.221469
-100.0,100,105351.2364
-100.0,100,105377.095728
-100.0,100,105403.728401
-100.0,100,105429.639984
-100.0,100,105455.47597
-100.0,100,105481.939637
-100.0,100,105508.0158
-100.0,100,105534.240227
-100.0,100,105560.591638
-100.0,100,105586.819848
-100.0,100,105613.19581
-100.0,100,105636.188158
-100.0,100,105659.308278
-100.0,100,105682.391456
-100.0,100,105705.647859
-100.0,100,105728.79151
-100.0,100,105751.820456
-100.0,100,105774.836114
-100.0,100,105797.488065
-100.0,100,105820.643855
-100.0,100,105843.924474
-100.0,100,105869.643397
-100.0,100,105895.08397
-100.0,100,105920.936156
-100.0,100,105946.835642
-100.0,100,105972.787563
-100.0,100,105998.892369
-100.0,100,106024.267739
-100.0,100,106050.251828
-100.0,100,106075.783979
-100.0,100,106101.803864
-100.0,100,106128.624016
-100.0,100,106155.399575
-100.0,100,106181.651852
-100.0,100,106207.91977
-100.0,100,106234.039891
-100.0,100,106261.016165
-100.0,100,106287.416547
-100.0,100,106315.007828
-100.0,100,106341.564391
-100.0,100,106367.28338
-100.0,100,106393.767706
-100.0,100,106419.748196
-100.0,100,106446.231773
-100.0,100,106473.575898
-100.0,100,106500.260077
-100.0,100,106526.436408
-100.0,100,106553.572052
-100.0,100,106580.307998
-100.0,100,106607.747921
-100.0,100,106634.755365
-100.0,100,106662.972445
-100.0,100,106690.243477
-100.0,100,106717.58756
-100.0,100,106743.672255
-100.0,100,106771.120052
-100.0,100,106799.080734
-100.0,100,106825.832318
-100.0,100,106852.299368
-100.0,100,106879.347393
-100.0,100,106905.75936
-100.0,100,106933.256174
-100.0,100,106959.448317
-100.0,100,106985.655679
-100.0,100,107011.868022
-100.0,100,107038.135835
-100.0,100,107064.027817
-100.0,100,107089.931434
-100.0,100,107116.336029
-100.0,100,107142.579872
-100.0,100,107168.763576
-100.0,100,107191.819817
-100.0,100,107214.788303
-100.0,100,107237.659405
-100.0,100,107260.48405
-100.0,100,107283.807434
-100.0,100,107306.936137
-100.0,100,107329.808667
-100.0,100,107352.487574
-100.0,100,107375.459769
-100.0,100,107399.431488
-100.0,100,107425.155692
-100.0,100,107451.196123
-100.0,100,107477.083824
-100.0,100,107502.62381
-100.0,100,107529.131375
-100.0,100,107554.836431
-100.0,100,107580.179866
-100.0,100,107605.98765
-100.0,100,107631.863634
-100.0,100,107657.924109
-100.0,100,107684.212123
-100.0,100,107711.451916
-100.0,100,107737.967894
-100.0,100,107764.899589
-100.0,100,107791.43947
-100.0,100,107818.875957
-100.0,100,107846.023843
-100.0,100,107873.447441
-100.0,100,107900.907721
-100.0,100,107928.84796
-100.0,100,107956.392361
-100.0,100,107982.839449
-100.0,100,108009.175475
-100.0,100,108035.419387
-100.0,100,108061.345683
-100.0,100,108087.656484
-100.0,100,108113.785934
-100.0,100,108139.728025
-100.0,100,108165.471536
-100.0,100,108191.591322
-100.0,100,108217.376191
-100.0,100,108243.91152
-100.0,100,108269.97645
-100.0,100,108296.108539
-100.0,100,108322.139411
-100.0,100,108348.275472
-100.0,100,108374.775415
-100.0,100,108400.924325
-100.0,100,108426.979424
-100.0,100,108453.34197
-100.0,100,108479.339478
-100.0,100,108505.643445
-100.0,100,108531.439979
-100.0,100,108557.923517
-100.0,100,108583.85654
-100.0,100,108610.783125
-100.0,100,108636.543334
-100.0,100,108662.88485
-100.0,100,108689.088425
-100.0,100,108714.896457
-100.0,100,108737.676194
-100.0,100,108760.775625
-100.0,100,108783.643576
-100.0,100,108806.516232
-100.0,100,108829.680524
-100.0,100,108852.779903
-100.0,100,108876.091921
-100.0,100,108899.064167
-100.0,100,108922.083982
-100.0,100,108945.611492
-100.0,100,108971.688014
-100.0,100,108997.371649
-100.0,100,109023.383801
-100.0,100,109048.69164
-100.0,100,109074.379667
-100.0,100,109100.544163
-100.0,100,109126.140293
-100.0,100,109151.931703
-100.0,100,109178.483471
-100.0,100,109204.51548
-100.0,100,109230.711731
-100.0,100,109257.191706
-100.0,100,109284.119576
-100.0,100,109310.155336
-100.0,100,109336.372032
-100.0,100,109363.047783
-100.0,100,109389.072298
-100.0,100,109415.28385
-100.0,100,109441.255629
-100.0,100,109467.623543
-100.0,100,109493.723613
-100.0,100,109520.127443
-100.0,100,109546.175806
-100.0,100,109572.311923
-100.0,100,109598.735884
-100.0,100,109624.735619
-100.0,100,109650.504396
-100.0,100,109676.484135
-100.0,100,109703.059921
-100.0,100,109729.228483
-100.0,100,109754.883704
-100.0,100,109781.455556
-100.0,100,109807.732013
-100.0,100,109833.812385
-100.0,100,109860.152207
-100.0,100,109886.159344
-100.0,100,109912.703346
-100.0,100,109938.87983
-100.0,100,109965.040215
-100.0,100,109991.292553
-100.0,100,110017.15624
-100.0,100,110043.239801
-100.0,100,110069.367523
-100.0,100,110095.328253
-100.0,100,110122.043508
-100.0,100,110148.123513
-100.0,100,110175.004375
-100.0,100,110201.116144
-100.0,100,110227.656024
-100.0,100,110253.512283
-100.0,100,110276.59172
-100.0,100,110299.579638
-100.0,100,110322.424105
-100.0,100,110345.379682
-100.0,100,110368.439853
-100.0,100,110391.576355
-100.0,100,110414.516124
-100.0,100,110437.384006
-100.0,100,110460.376272
-100.0,100,110484.027833
-100.0,100,110510.276736
-100.0,100,110536.207339
-100.0,100,110561.680073
-100.0,100,110587.340101
-100.0,100,110613.103642
-100.0,100,110638.800144
-100.0,100,110664.684051
-100.0,100,110690.012209
-100.0,100,110715.852993
-100.0,100,110741.900026
-100.0,100,110768.399872
-100.0,100,110794.64854
-100.0,100,110821.115538
-100.0,100,110847.7516
-100.0,100,110874.191995
-100.0,100,110900.552419
-100.0,100,110926.439676
-100.0,100,110952.443598
-100.0,100,110978.299793
-100.0,100,111005.332446
-100.0,100,111031.328396
-100.0,100,111057.431876
-100.0,100,111083.192168
-100.0,100,111109.680071
-100.0,100,111136.384059
-100.0,100,111162.971811
-100.0,100,111188.923918
-100.0,100,111214.939876
-100.0,100,111241.215812
-100.0,100,111267.523561
-100.0,100,111293.767391
-100.0,100,111320.116504
-100.0,100,111346.595889
-100.0,100,111372.499629
-100.0,100,111398.387964
-100.0,100,111424.501996
-100.0,100,111450.691982
-100.0,100,111477.039964
-100.0,100,111503.36851
-100.0,100,111529.1277
-100.0,100,111555.428872
-100.0,100,111581.659758
-100.0,100,111607.671485
-100.0,100,111634.187874
-100.0,100,111659.856514
-100.0,100,111686.091618
-100.0,100,111712.32367
-100.0,100,111738.79621
-100.0,100,111764.448168
-100.0,100,111791.039776
-100.0,100,111814.268167
-100.0,100,111837.303434
-100.0,100,111860.328574
-100.0,100,111883.435577
-100.0,100,111906.203449
-100.0,100,111929.096131
-100.0,100,111952.300269
-100.0,100,111975.512072
-100.0,100,111998.531932
-100.0,100,112021.772331
-100.0,100,112047.979769
-100.0,100,112073.771777
-100.0,100,112099.605064
-100.0,100,112125.311813
-100.0,100,112150.947552
-100.0,100,112177.039893
-100.0,100,112202.41607
-100.0,100,112227.932107
-100.0,100,112254.219311
-100.0,100,112280.080264
-100.0,100,112306.336539
-100.0,100,112332.079393
-100.0,100,112359.584529
-100.0,100,112385.995969
-100.0,100,112412.079983
-100.0,100,112438.187585
-100.0,100,112464.231429
-100.0,100,112490.063959
-100.0,100,112516.387746
-100.0,100,112542.424087
-100.0,100,112568.696056
-100.0,100,112594.763821
-100.0,100,112620.863802
-100.0,100,112647.289577
-100.0,100,112673.483495
-100.0,100,112699.820056
-100.0,100,112726.384354
-100.0,100,112752.58039
-100.0,100,112778.78771
-100.0,100,112805.028229
-100.0,100,112831.328105
-100.0,100,112857.991649
-100.0,100,112884.324242
-100.0,100,112910.419709
-100.0,100,112936.500113
-100.0,100,112962.635487
-100.0,100,112988.848953
-100.0,100,113014.991798
-100.0,100,113041.484487
-100.0,100,113067.307601
-100.0,100,113093.479975
-100.0,100,113119.567325
-100.0,100,113145.632003
-100.0,100,113172.368022
-100.0,100,113198.539602
-100.0,100,113224.220114
-100.0,100,113250.364132
-100.0,100,113276.543955
-100.0,100,113302.756229
-100.0,100,113329.059465
-100.0,100,113352.371856
-100.0,100,113375.563786
-100.0,100,113398.600096
-100.0,100,113421.784186
-100.0,100,113445.01584
-100.0,100,113468.340026
-100.0,100,113491.023793
-100.0,100,113513.972247
-100.0,100,113536.980409
-100.0,100,113559.844371
-100.0,100,113585.659905
-100.0,100,113611.435575
-100.0,100,113637.119491
-100.0,100,113662.759673
-100.0,100,113688.517117
-100.0,100,113714.172008
-100.0,100,113740.088266
-100.0,100,113765.779484
-100.0,100,113791.507674
-100.0,100,113818.251475
-100.0,100,113844.59636
-100.0,100,113870.623641
-100.0,100,113896.920467
-100.0,100,113923.491644
-100.0,100,113950.063483
-100.0,100,113976.251784
-100.0,100,114002.360282
-100.0,100,114028.364171
-100.0,100,114054.501488
-100.0,100,114080.627851
-100.0,100,114106.660152
-100.0,100,114132.664273
-100.0,100,114158.943524
-100.0,100,114185.33217
-100.0,100,114211.895303
-100.0,100,114238.843438
-100.0,100,114265.143865
-100.0,100,114291.503693
-100.0,100,114317.963769
-100.0,100,114344.484342
-100.0,100,114371.528164
-100.0,100,114399.140426
-100.0,100,114425.159338
-100.0,100,114451.528255
-100.0,100,114477.643793
-100.0,100,114504.355531
-100.0,100,114530.515833
-100.0,100,114557.659585
-100.0,100,114585.031741
-100.0,100,114611.887538
-100.0,100,114639.595787
-100.0,100,114666.735672
-100.0,100,114693.855681
-100.0,100,114721.756127
-100.0,100,114748.443735
-100.0,100,114776.004251
-100.0,100,114803.284079
-100.0,100,114831.124521
-100.0,100,114857.899684
-100.0,100,114885.260177
-100.0,100,114908.439451
-100.0,100,114931.567885
-100.0,100,114954.519571
-100.0,100,114977.408037
-100.0,100,115000.424232
-100.0,100,115023.343644
-100.0,100,115046.532153
-100.0,100,115069.779687
-100.0,100,115092.395619
-100.0,100,115115.776325
-100.0,100,115141.552002
-100.0,100,115167.23995
-100.0,100,115193.180091
-100.0,100,115219.02841
-100.0,100,115244.788101
-100.0,100,115270.503769
-100.0,100,115296.120327
-100.0,100,115322.156135
-100.0,100,115349.845317
-100.0,100,115376.919733
-100.0,100,115403.979814
-100.0,100,115431.459909
-100.0,100,115458.308225
-100.0,100,115486.028172
-100.0,100,115512.587605
-100.0,100,115540.04034
-100.0,100,115566.843771
-100.0,100,115594.016336
-100.0,100,115621.203894
-100.0,100,115647.732622
-100.0,100,115674.265447
-100.0,100,115700.963391
-100.0,100,115728.639401
-100.0,100,115755.511446
-100.0,100,115781.508659
-100.0,100,115807.900315
-100.0,100,115834.343735
-100.0,100,115860.60447
-100.0,100,115887.315974
-100.0,100,115913.255925
-100.0,100,115939.287863
-100.0,100,115965.515779
-100.0,100,115992.104468
-100.0,100,116018.099702
-100.0,100,116044.140574
-100.0,100,116071.175553
-100.0,100,116097.531679
-100.0,100,116123.120109
-100.0,100,116149.548323
-100.0,100,116175.45594
-100.0,100,116201.803546
-100.0,100,116228.483583
-100.0,100,116254.156131
-100.0,100,116280.351753
-100.0,100,116306.543586
-100.0,100,116332.776455
-100.0,100,116359.164536
-100.0,100,116384.939855
-100.0,100,116411.408446
-100.0,100,116437.487482
-100.0,100,116460.555592
-100.0,100,116483.347883
-100.0,100,116506.06347
-100.0,100,116529.05246
-100.0,100,116552.211697
-100.0,100,116575.424109
-100.0,100,116598.628141
-100.0,100,116621.720093
-100.0,100,116644.576259
-100.0,100,116667.667527
-100.0,100,116693.243497
-100.0,100,116719.524364
-100.0,100,116745.303889
-100.0,100,116770.963896
-100.0,100,116796.551358
-100.0,100,116822.124349
-100.0,100,116847.975547
-100.0,100,116874.580029
-100.0,100,116900.885093
-100.0,100,116927.080116
-100.0,100,116953.247711
-100.0,100,116979.79555
-100.0,100,117006.008111
-100.0,100,117031.907858
-100.0,100,117057.883976
-100.0,100,117084.371686
-100.0,100,117110.779475
-100.0,100,117137.459802
-100.0,100,117163.992326
-100.0,100,117189.900104
-100.0,100,117215.95593
-100.0,100,117242.323528
-100.0,100,117268.472206
-100.0,100,117294.755937
-100.0,100,117321.448095
-100.0,100,117348.311692
-100.0,100,117374.471833
-100.0,100,117400.9565
-100.0,100,117427.383743
-100.0,100,117453.828044
-100.0,100,117480.628003
-100.0,100,117506.860108
-100.0,100,117533.559968
-100.0,100,117559.508456
-100.0,100,117585.788337
-100.0,100,117611.79634
-100.0,100,117637.659551
-100.0,100,117663.855671
-100.0,100,117690.420183
-100.0,100,117715.995977
-100.0,100,117742.819449
-100.0,100,117768.979637
-100.0,100,117795.223804
-100.0,100,117821.331855
-100.0,100,117847.620536
-100.0,100,117874.271941
-100.0,100,117899.891353
-100.0,100,117926.519736
-100.0,100,117952.508162
-100.0,100,117979.160411
-100.0,100,118002.171575
-100.0,100,118025.212362
-100.0,100,118048.351954
-100.0,100,118071.503551
-100.0,100,118094.287532
-100.0,100,118117.4516
-100.0,100,118140.620332
-100.0,100,118163.711537
-100.0,100,118186.344288
-100.0,100,118209.599973
-100.0,100,118236.279613
-100.0,100,118262.392313
-100.0,100,118288.479577
-100.0,100,118314.107575
-100.0,100,118339.456469
-100.0,100,118365.435645
-100.0,100,118390.879911
-100.0,100,118417.291511
-100.0,100,118443.075811
-100.0,100,118469.307891
-100.0,100,118495.675882
-100.0,100,118522.43975
-100.0,100,118548.316981
-100.0,100,118574.696007
-100.0,100,118601.212361
-100.0,100,118627.560086
-100.0,100,118654.348004
-100.0,100,118680.236714
-100.0,100,118707.159918
-100.0,100,118733.639562
-100.0,100,118759.667943
-100.0,100,118786.631609
-100.0,100,118812.72023
-100.0,100,118839.056494
-100.0,100,118865.156133
-100.0,100,118891.527775
-100.0,100,118917.307984
-100.0,100,118944.16825
-100.0,100,118970.976059
-100.0,100,118996.776347
-100.0,100,119022.764442
-100.0,100,119049.108208
-100.0,100,119075.168363
-100.0,100,119101.768256
-100.0,100,119127.855957
-100.0,100,119153.972269
-100.0,100,119180.643913
-100.0,100,119206.951402
-100.0,100,119233.123611
-100.0,100,119260.011973
-100.0,100,119286.775951
-100.0,100,119313.403718
-100.0,100,119340.176183
-100.0,100,119366.288139
-100.0,100,119393.603806
-100.0,100,119420.880918
-100.0,100,119447.688263
-100.0,100,119474.479796
-100.0,100,119500.888536
-100.0,100,119527.811997
-100.0,100,119550.848444
-100.0,100,119573.964044
-100.0,100,119597.103842
-100.0,100,119620.296247
-100.0,100,119643.437521
-100.0,100,119666.591671
-100.0,100,119689.743395
-100.0,100,119712.452459
-100.0,100,119735.147475
-100.0,100,119758.459627
-100.0,100,119784.395569
-100.0,100,119810.235641
-100.0,100,119835.935851
-100.0,100,119861.599782
-100.0,100,119887.891492
-100.0,100,119913.835588
-100.0,100,119939.955963
-100.0,100,119967.83939
-100.0,100,119995.096061
-100.0,100,120021.695425
-100.0,100,120048.783472
-100.0,100,120075.191602
-100.0,100,120102.852264
-100.0,100,120129.228408
-100.0,100,120156.123468
-100.0,100,120182.267618
-100.0,100,120208.716265
-100.0,100,120235.731406
-100.0,100,120262.81232
-100.0,100,120290.103533
-100.0,100,120318.043862
-100.0,100,120344.727646
-100.0,100,120371.803862
-100.0,100,120399.243457
-100.0,100,120425.111723
-100.0,100,120452.131604
-100.0,100,120478.836348
-100.0,100,120505.120132
-100.0,100,120531.884102
-100.0,100,120558.671327
-100.0,100,120586.059938
-100.0,100,120611.91218
-100.0,100,120639.124366
-100.0,100,120666.856568
-100.0,100,120693.496444
-100.0,100,120719.691888
-100.0,100,120745.983755
-100.0,100,120772.216148
-100.0,100,120798.779583
-100.0,100,120825.299767
-100.0,100,120852.327364
-100.0,100,120878.759675
-100.0,100,120904.795658
-100.0,100,120931.788085
-100.0,100,120958.49245
-100.0,100,120985.891607
-100.0,100,121013.787445
-100.0,100,121040.643423
-100.0,100,121068.632037
-100.0,100,121095.987492
-100.0,100,121119.279579
-100.0,100,121142.18761
-100.0,100,121165.120015
-100.0,100,121188.212194
-100.0,100,121211.15209
-100.0,100,121234.380106
-100.0,100,121257.459627
-100.0,100,121280.048021
-100.0,100,121302.723675
-100.0,100,121326.115758
-100.0,100,121351.852293
-100.0,100,121378.056123
-100.0,100,121403.663551
-100.0,100,121429.512145
-100.0,100,121455.620119
-100.0,100,121481.496015
-100.0,100,121507.960059
-100.0,100,121535.2885
-100.0,100,121562.368195
-100.0,100,121589.435858
-100.0,100,121616.227411
-100.0,100,121643.392244
-100.0,100,121669.648146
-100.0,100,121695.488379
-100.0,100,121721.987385
-100.0,100,121748.091421
-100.0,100,121774.224429
-100.0,100,121800.62913
-100.0,100,121827.083747
-100.0,100,121853.360214
-100.0,100,121879.693125
-100.0,100,121906.387803
-100.0,100,121932.791866
-100.0,100,121958.651475
-100.0,100,121984.704437
-100.0,100,122010.751764
-100.0,100,122036.736435
-100.0,100,122063.10344
-100.0,100,122089.411968
-100.0,100,122115.687431
-100.0,100,122142.352092
-100.0,100,122168.412515
-100.0,100,122194.379375
-100.0,100,122220.907778
-100.0,100,122247.159411
-100.0,100,122273.011996
-100.0,100,122299.628283
-100.0,100,122325.587906
-100.0,100,122351.915451
-100.0,100,122378.543428
-100.0,100,122405.156036
-100.0,100,122431.260688
-100.0,100,122457.676489
-100.0,100,122483.871956
-100.0,100,122510.680056
-100.0,100,122536.836339
-100.0,100,122562.912407
-100.0,100,122588.648382
-100.0,100,122615.167868
-100.0,100,122641.236522
-100.0,100,122664.379957
-100.0,100,122687.024243
-100.0,100,122710.156544
-100.0,100,122733.288747
-100.0,100,122756.264554
-100.0,100,122779.255746
-100.0,100,122802.312267
-100.0,100,122824.996106
-100.0,100,122847.643807
-100.0,100,122871.116488
-100.0,100,122896.764433
-100.0,100,122922.287789
-100.0,100,122948.420449
-100.0,100,122974.484424
-100.0,100,123000.715404
-100.0,100,123026.888239
-100.0,100,123053.116095
-100.0,100,123079.420179
-100.0,100,123105.748299
-100.0,100,123132.143627
-100.0,100,123158.475915
-100.0,100,123184.815482
-100.0,100,123211.091594
-100.0,100,123238.083905
-100.0,100,123264.460343
-100.0,100,123290.352075
-100.0,100,123316.632
-100.0,100,123342.831904
-100.0,100,123369.155428
-100.0,100,123395.760428
-100.0,100,123421.839731
-100.0,100,123448.027577
-100.0,100,123474.371667
-100.0,100,123500.063669
-100.0,100,123526.248291
-100.0,100,123552.315841
-100.0,100,123578.420396
-100.0,100,123605.067931
-100.0,100,123631.436165
-100.0,100,123657.940222
-100.0,100,123684.145526
-100.0,100,123709.96382
-100.0,100,123736.492438
-100.0,100,123762.684261
-100.0,100,123789.196139
-100.0,100,123815.111791
-100.0,100,123841.384409
-100.0,100,123868.116063
-100.0,100,123894.243663
-100.0,100,123920.744938
-100.0,100,123946.927826
-100.0,100,123973.135471
-100.0,100,123999.611582
-100.0,100,124025.936062
-100.0,100,124052.051672
-100.0,100,124078.34416
-100.0,100,124104.976432
-100.0,100,124131.495525
-100.0,100,124158.340284
-100.0,100,124184.667502
-100.0,100,124207.759892
-100.0,100,124230.964097
-100.0,100,124254.072152
-100.0,100,124276.987719
-100.0,100,124300.124246
-100.0,100,124322.912022
-100.0,100,124345.875694
-100.0,100,124368.567579
-100.0,100,124391.33576
-100.0,100,124414.460045
-100.0,100,124440.29583
-100.0,100,124465.843585
-100.0,100,124491.676285
-100.0,100,124517.531452
-100.0,100,124543.415448
-100.0,100,124569.732266
-100.0,100,124595.612368
-100.0,100,124622.004163
-100.0,100,124648.388425
-100.0,100,124674.348572
-100.0,100,124700.424182
-100.0,100,124726.775502
-100.0,100,124752.835561
-100.0,100,124779.184082
-100.0,100,124805.827647
-100.0,100,124832.132003
-100.0,100,124858.043603
-100.0,100,124884.283992
-100.0,100,124910.576364
-100.0,100,124936.647593
-100.0,100,124963.116421
-100.0,100,124989.439886
-100.0,100,125015.772063
-100.0,100,125042.275991
-100.0,100,125068.695428
-100.0,100,125094.556481
-100.0,100,125120.563612
-100.0,100,125146.952495
-100.0,100,125172.792211
-100.0,100,125198.764396
-100.0,100,125225.027747
-100.0,100,125251.555533
-100.0,100,125277.336311
-100.0,100,125303.799712
-100.0,100,125330.067631
-100.0,100,125356.256194
-100.0,100,125382.812027
-100.0,100,125408.892245
-100.0,100,125435.267582
-100.0,100,125461.419515
-100.0,100,125488.159808
-100.0,100,125514.415748
-100.0,100,125540.899701
-100.0,100,125567.124085
-100.0,100,125593.76806
-100.0,100,125619.880488
-100.0,100,125645.687433
-100.0,100,125672.615975
-100.0,100,125698.871585
-100.0,100,125725.735704
-100.0,100,125748.704176
-100.0,100,125771.752043
-100.0,100,125794.931425
-100.0,100,125817.871992
-100.0,100,125840.816312
-100.0,100,125864.047691
-100.0,100,125886.667977
-100.0,100,125909.372008
-100.0,100,125932.009217
-100.0,100,125955.375852
-100.0,100,125981.104019
-100.0,100,126006.507653
-100.0,100,126032.539525
-100.0,100,126058.628544
-100.0,100,126085.103486
-100.0,100,126111.579505
-100.0,100,126138.287992
-100.0,100,126165.400362
-100.0,100,126192.476257
-100.0,100,126220.132044
-100.0,100,126247.295754
-100.0,100,126274.147597
-100.0,100,126300.208124
-100.0,100,126326.76767
-100.0,100,126353.716238
-100.0,100,126381.048468
-100.0,100,126408.012517
-100.0,100,126434.21546
-100.0,100,126460.783451
-100.0,100,126487.491674
-100.0,100,126513.651767
-100.0,100,126539.520017
-100.0,100,126565.58033
-100.0,100,126591.864413
-100.0,100,126617.840105
-100.0,100,126644.320055
-100.0,100,126671.183712
-100.0,100,126697.300048
-100.0,100,126723.739393
-100.0,100,126750.72856
-100.0,100,126777.079432
-100.0,100,126803.771647
-100.0,100,126830.764464
-100.0,100,126857.132418
-100.0,100,126884.092214
-100.0,100,126909.995602
-100.0,100,126936.408763
-100.0,100,126962.964178
-100.0,100,126988.691756
-100.0,100,127015.768625
-100.0,100,127042.523396
-100.0,100,127068.925159
-100.0,100,127096.064488
-100.0,100,127122.431484
-100.0,100,127148.308449
-100.0,100,127174.500183
-100.0,100,127200.907855
-100.0,100,127227.572527
-100.0,100,127253.551446
-100.0,100,127279.659525
-100.0,100,127302.499742
-100.0,100,127325.483548
-100.0,100,127348.483708
-100.0,100,127371.519415
-100.0,100,127394.784019
-100.0,100,127417.871894
-100.0,100,127440.508316
-100.0,100,127463.160173
-100.0,100,127485.94769
-100.0,100,127509.467854
-100.0,100,127534.999724
-100.0,100,127560.903693
-100.0,100,127586.507525
-100.0,100,127611.987633
-100.0,100,127637.615921
-100.0,100,127663.881002
-100.0,100,127689.972366
-100.0,100,127715.884591
-100.0,100,127741.779983
-100.0,100,127768.41556
-100.0,100,127794.71942
-100.0,100,127821.41636
-100.0,100,127848.019419
-100.0,100,127874.619505
-100.0,100,127900.551692
-100.0,100,127926.611366
-100.0,100,127952.807844
-100.0,100,127978.907507
-100.0,100,128005.339498
-100.0,100,128031.736056
-100.0,100,128058.051542
-100.0,100,128083.955787
-100.0,100,128110.392033
-100.0,100,128136.795729
-100.0,100,128162.952401
-100.0,100,128189.19214
-100.0,100,128215.763696
-100.0,100,128241.688413
-100.0,100,128267.820043
-100.0,100,128294.203624
-100.0,100,128320.511506
-100.0,100,128346.752276
-100.0,100,128373.167429
-100.0,100,128399.039495
-100.0,100,128425.615978
-100.0,100,128451.624184
-100.0,100,128478.031434
-100.0,100,128504.27972
-100.0,100,128530.867983
-100.0,100,128556.884178
-100.0,100,128582.803616
-100.0,100,128608.728185
-100.0,100,128634.663867
-100.0,100,128660.861794
-100.0,100,128686.743869
-100.0,100,128713.19592
-100.0,100,128740.139489
-100.0,100,128766.183802
-100.0,100,128792.604127
-100.0,100,128818.991564
-100.0,100,128842.340257
-100.0,100,128865.327491
-100.0,100,128887.999538
-100.0,100,128911.015973
-100.0,100,128934.260269
-100.0,100,128957.356094
-100.0,100,128980.072474
-100.0,100,129002.79572
-100.0,100,129025.551788
-100.0,100,129048.272244
-100.0,100,129074.240319
-100.0,100,129099.912475
-100.0,100,129126.311414
-100.0,100,129152.068409
-100.0,100,129177.576112
-100.0,100,129203.996096
-100.0,100,129229.832258
-100.0,100,129256.108235
-100.0,100,129282.539569
-100.0,100,129309.015718
-100.0,100,129335.016093
-100.0,100,129361.548063
-100.0,100,129387.759485
-100.0,100,129414.059973
-100.0,100,129440.376289
-100.0,100,129466.980519
-100.0,100,129492.932275
-100.0,100,129519.196389
-100.0,100,129545.452299
-100.0,100,129572.292028
-100.0,100,129598.740085
-100.0,100,129624.94848
-100.0,100,129651.047868
-100.0,100,129677.512258
-100.0,100,129703.732137
-100.0,100,129730.127823
-100.0,100,129756.731928
-100.0,100,129783.095608
-100.0,100,129809.369052
-100.0,100,129835.339677
-100.0,100,129861.451672
-100.0,100,129887.771484
-100.0,100,129914.28791
-100.0,100,129940.036522
-100.0,100,129966.608957
-100.0,100,129992.763796
-100.0,100,130018.631699
-100.0,100,130045.284297
-100.0,100,130071.607831
-100.0,100,130097.415992
-100.0,100,130123.364427
-100.0,100,130149.531757
-100.0,100,130175.71598
-100.0,100,130202.359618
-100.0,100,130228.339786
-100.0,100,130254.432338
-100.0,100,130280.428078
-100.0,100,130306.828485
-100.0,100,130332.887544
-100.0,100,130359.083938
-100.0,100,130382.376473
-100.0,100,130405.388724
-100.0,100,130428.444286
-100.0,100,130451.139413
-100.0,100,130473.847422
-100.0,100,130496.875461
-100.0,100,130519.535717
-100.0,100,130542.267764
-100.0,100,130565.096002
-100.0,100,130588.424766
-100.0,100,130614.303528
-100.0,100,130639.879774
-100.0,100,130665.296081
-100.0,100,130691.064137
-100.0,100,130717.075978
-100.0,100,130743.47617
-100.0,100,130769.848309
-100.0,100,130796.107812
-100.0,100,130822.728781
-100.0,100,130848.835684
-100.0,100,130875.175555
-100.0,100,130901.272204
-100.0,100,130927.363853
-100.0,100,130954.188482
-100.0,100,130980.484039
-100.0,100,131007.515414
-100.0,100,131033.660073
-100.0,100,131059.727926
-100.0,100,131086.08036
-100.0,100,131111.779452
-100.0,100,131138.348233
-100.0,100,131164.504176
-100.0,100,131191.275957
-100.0,100,131217.463972
-100.0,100,131243.643683
-100.0,100,131269.904607
-100.0,100,131296.264663
-100.0,100,131322.255727
-100.0,100,131348.408032
-100.0,100,131374.767908
-100.0,100,131401.247988
-100.0,100,131427.447658
-100.0,100,131453.535935
-100.0,100,131479.896284
-100.0,100,131506.140156
-100.0,100,131532.124383
-100.0,100,131558.771494
-100.0,100,131584.92056
-100.0,100,131611.328005
-100.0,100,131637.519777
-100.0,100,131664.340126
-100.0,100,131690.908031
-100.0,100,131716.812093
-100.0,100,131742.883984
-100.0,100,131769.255598
-100.0,100,131795.792359
-100.0,100,131822.644063
-100.0,100,131849.419973
-100.0,100,131875.783451
-100.0,100,131901.963755
-100.0,100,131924.856027
-100.0,100,131947.823372
-100.0,100,131970.78841
-100.0,100,131993.99726
-100.0,100,132016.919985
-100.0,100,132039.503961
-100.0,100,132062.364158
-100.0,100,132085.308049
-100.0,100,132108.079806
-100.0,100,132131.248255
-100.0,100,132157.019364
-100.0,100,132182.836208
-100.0,100,132209.023507
-100.0,100,132234.844259
-100.0,100,132260.700072
-100.0,100,132287.632495
-100.0,100,132314.115728
-100.0,100,132341.719635
-100.0,100,132369.028443
-100.0,100,132396.375592
-100.0,100,132424.116096
-100.0,100,132451.664275
-100.0,100,132479.151707
-100.0,100,132506.211805
-100.0,100,132533.307434
-100.0,100,132560.044245
-100.0,100,132586.515983
-100.0,100,132612.899525
-100.0,100,132638.959999
-100.0,100,132665.623631
-100.0,100,132692.912369
-100.0,100,132720.135664
-100.0,100,132747.119592
-100.0,100,132773.36423
-100.0,100,132799.983654
-100.0,100,132827.164166
-100.0,100,132854.252406
-100.0,100,132880.695475
-100.0,100,132908.031404
-100.0,100,132934.547899
-100.0,100,132960.840532
-100.0,100,132986.979811
-100.0,100,133013.23139
-100.0,100,133039.403394
-100.0,100,133065.562869
-100.0,100,133091.723345
-100.0,100,133117.723434
-100.0,100,133144.01143
-100.0,100,133170.055431
-100.0,100,133196.451422
-100.0,100,133222.927983
-100.0,100,133249.51584
-100.0,100,133275.843661
-100.0,100,133301.820338
-100.0,100,133328.279703
-100.0,100,133354.887502
-100.0,100,133381.727815
-100.0,100,133407.580532
-100.0,100,133433.887508
-100.0,100,133460.707997
-100.0,100,133483.787444
-100.0,100,133506.432142
-100.0,100,133529.571463
-100.0,100,133552.691582
-100.0,100,133575.655911
-100.0,100,133598.415304
-100.0,100,133620.992174
-100.0,100,133643.656106
-100.0,100,133666.399853
-100.0,100,133689.560097
-100.0,100,133715.240401
-100.0,100,133740.995905
-100.0,100,133766.843621
-100.0,100,133792.264188
-100.0,100,133818.427656
-100.0,100,133844.476131
-100.0,100,133870.491524
-100.0,100,133896.808174
-100.0,100,133923.356088
-100.0,100,133949.839898
-100.0,100,133976.277096
-100.0,100,134002.148136
-100.0,100,134027.895595
-100.0,100,134054.055666
-100.0,100,134080.843973
-100.0,100,134106.987638
-100.0,100,134133.184459
-100.0,100,134159.483724
-100.0,100,134186.143572
-100.0,100,134212.739459
-100.0,100,134238.795763
-100.0,100,134265.064534
-100.0,100,134291.083292
-100.0,100,134317.604138
-100.0,100,134343.935784
-100.0,100,134370.391814
-100.0,100,134396.891955
-100.0,100,134423.335818
-100.0,100,134448.972422
-100.0,100,134475.323584
-100.0,100,134501.163799
-100.0,100,134527.616432
-100.0,100,134553.867853
-100.0,100,134579.880017
-100.0,100,134605.740222
-100.0,100,134632.503296
-100.0,100,134658.355363
-100.0,100,134684.467791
-100.0,100,134710.760462
-100.0,100,134736.903946
-100.0,100,134763.508039
-100.0,100,134789.624048
-100.0,100,134815.576469
-100.0,100,134841.891719
-100.0,100,134868.175761
-100.0,100,134894.695307
-100.0,100,134920.772122
-100.0,100,134946.9925
-100.0,100,134973.335411
-100.0,100,134999.459991
-100.0,100,135022.563949
-100.0,100,135045.635664
-100.0,100,135068.583422
-100.0,100,135091.424386
-100.0,100,135114.628546
-100.0,100,135137.416425
-100.0,100,135160.011498
-100.0,100,135182.683517
-100.0,100,135205.455663
-100.0,100,135228.324397
-100.0,100,135254.259472
-100.0,100,135279.851879
-100.0,100,135305.407741
-100.0,100,135330.740356
-100.0,100,135356.712104
-100.0,100,135382.900137
-100.0,100,135409.355515
-100.0,100,135436.032104
-100.0,100,135461.948497
-100.0,100,135487.888447
-100.0,100,135513.939475
-100.0,100,135540.312487
-100.0,100,135566.095914
-100.0,100,135592.371585
-100.0,100,135618.560313
-100.0,100,135644.971973
-100.0,100,135671.499565
-100.0,100,135697.464285
-100.0,100,135724.107776
-100.0,100,135750.059935
-100.0,100,135775.879795
-100.0,100,135802.508456
-100.0,100,135828.935971
-100.0,100,135854.864169
-100.0,100,135881.647933
-100.0,100,135908.007796
-100.0,100,135934.451552
-100.0,100,135960.327448
-100.0,100,135986.904479
-100.0,100,136013.387613
-100.0,100,136039.808795
-100.0,100,136066.300381
-100.0,100,136092.568373
-100.0,100,136119.411944
-100.0,100,136145.47574
-100.0,100,136171.596009
-100.0,100,136197.532434
-100.0,100,136223.82763
-100.0,100,136250.443661
-100.0,100,136276.648087
-100.0,100,136302.855552
-100.0,100,136328.900415
-100.0,100,136354.920368
-100.0,100,136380.75235
-100.0,100,136407.35948
-100.0,100,136433.404337
-100.0,100,136459.652413
-100.0,100,136485.923897
-100.0,100,136512.107569
-100.0,100,136538.271518
-100.0,100,136561.195885
-100.0,100,136584.136263
-100.0,100,136607.139589
-100.0,100,136630.079981
-100.0,100,136652.688403
-100.0,100,136675.335937
-100.0,100,136697.987506
-100.0,100,136720.692197
-100.0,100,136743.387494
-100.0,100,136767.135557
-100.0,100,136792.928152
-100.0,100,136818.927451
-100.0,100,136844.692348
-100.0,100,136870.563484
-100.0,100,136897.079608
-100.0,100,136923.364089
-100.0,100,136950.135736
-100.0,100,136976.184176
-100.0,100,137002.503677
-100.0,100,137029.355404
-100.0,100,137055.353127
-100.0,100,137081.39995
-100.0,100,137107.363335
-100.0,100,137133.043802
-100.0,100,137159.955448
-100.0,100,137186.255633
-100.0,100,137212.023782
-100.0,100,137238.159976
-100.0,100,137264.08368
-100.0,100,137290.807533
-100.0,100,137317.247488
-100.0,100,137343.3355
-100.0,100,137370.020493
-100.0,100,137395.976182
-100.0,100,137422.120299
-100.0,100,137448.1484
-100.0,100,137474.031811
-100.0,100,137500.680139
-100.0,100,137527.107472
-100.0,100,137553.116037
-100.0,100,137579.727893
-100.0,100,137605.791889
-100.0,100,137632.027925
-100.0,100,137658.579444
-100.0,100,137684.50776
-100.0,100,137710.847978
-100.0,100,137736.551646
-100.0,100,137763.188154
-100.0,100,137789.580452
-100.0,100,137815.847949
-100.0,100,137842.015679
-100.0,100,137868.560226
-100.0,100,137894.4565
-100.0,100,137920.971805
-100.0,100,137947.015896
-100.0,100,137973.79195
-100.0,100,138000.215676
-100.0,100,138026.428009
-100.0,100,138052.955899
-100.0,100,138079.04038
-100.0,100,138102.160112
-100.0,100,138125.551832
-100.0,100,138148.488207
-100.0,100,138171.62452
-100.0,100,138194.327973
-100.0,100,138217.148177
-100.0,100,138239.995563
-100.0,100,138262.504348
-100.0,100,138285.17646
-100.0,100,138308.307756
-100.0,100,138333.995712
-100.0,100,138359.727658
-100.0,100,138386.260478
-100.0,100,138412.088462
-100.0,100,138438.071693
-100.0,100,138464.287884
-100.0,100,138490.392414
-100.0,100,138516.551984
-100.0,100,138543.02366
-100.0,100,138569.079539
-100.0,100,138596.044532
-100.0,100,138622.595495
-100.0,100,138649.515313
-100.0,100,138675.367679
-100.0,100,138702.5678
-100.0,100,138728.939586
-100.0,100,138756.067604
-100.0,100,138782.891758
-100.0,100,138809.984245
-100.0,100,138837.895826
-100.0,100,138865.296364
-100.0,100,138892.143471
-100.0,100,138918.844397
-100.0,100,138945.488191
-100.0,100,138972.052556
-100.0,100,138999.527796
-100.0,100,139026.792976
-100.0,100,139053.835668
-100.0,100,139080.104444
-100.0,100,139107.348163
-100.0,100,139134.131965
-100.0,100,139161.339777
-100.0,100,139187.403585
-100.0,100,139214.212311
-100.0,100,139241.296144
-100.0,100,139267.22026
-100.0,100,139294.40792
-100.0,100,139321.280202
-100.0,100,139348.408427
-100.0,100,139375.456197
-100.0,100,139401.911746
-100.0,100,139429.991758
-100.0,100,139457.852228
-100.0,100,139485.616419
-100.0,100,139512.764428
-100.0,100,139540.255381
-100.0,100,139566.944412
-100.0,100,139593.307728
-100.0,100,139619.868049
-100.0,100,139645.723726
-100.0,100,139668.676564
-100.0,100,139691.595885
-100.0,100,139714.759884
-100.0,100,139737.723993
-100.0,100,139760.320001
-100.0,100,139782.959905
-100.0,100,139805.788071
-100.0,100,139828.392102
-100.0,100,139851.095927
-100.0,100,139874.652837
-100.0,100,139900.256162
-100.0,100,139925.968133
-100.0,100,139951.61652
-100.0,100,139977.459364
-100.0,100,140003.768147
-100.0,100,140030.072183
-100.0,100,140056.923423
-100.0,100,140083.675434
-100.0,100,140109.783437
-100.0,100,140136.876089
-100.0,100,140162.78339
-100.0,100,140188.980326
-100.0,100,140214.784293
-100.0,100,140241.604396
-100.0,100,140267.927499
-100.0,100,140294.11218
-100.0,100,140319.903468
-100.0,100,140346.45677
-100.0,100,140372.547524
-100.0,100,140398.396116
-100.0,100,140424.423434
-100.0,100,140450.963472
-100.0,100,140476.963946
-100.0,100,140503.272219
-100.0,100,140529.280512
-100.0,100,140555.667848
-100.0,100,140581.668108
-100.0,100,140608.261478
-100.0,100,140634.359499
-100.0,100,140660.616495
-100.0,100,140686.716
-100.0,100,140712.704485
-100.0,100,140738.991357
-100.0,100,140765.171664
-100.0,100,140791.272448
-100.0,100,140817.1356
-100.0,100,140843.071676
-100.0,100,140869.540565
-100.0,100,140895.796539
-100.0,100,140921.731392
-100.0,100,140947.50748
-100.0,100,140973.60296
-100.0,100,140999.643495
-100.0,100,141025.723412
-100.0,100,141052.468356
-100.0,100,141079.095554
-100.0,100,141105.803421
-100.0,100,141131.655719
-100.0,100,141157.732576
-100.0,100,141183.927541
-100.0,100,141206.94011
-100.0,100,141229.976036
-100.0,100,141252.907587
-100.0,100,141276.032402
-100.0,100,141298.7838
-100.0,100,141321.547812
-100.0,100,141344.232348
-100.0,100,141366.956291
-100.0,100,141389.687405
-100.0,100,141412.660337
-100.0,100,141438.615606
-100.0,100,141464.192389
-100.0,100,141490.199769
-100.0,100,141515.948496
-100.0,100,141542.299812
-100.0,100,141568.74825
-100.0,100,141595.008259
-100.0,100,141621.143324
-100.0,100,141647.472444
-100.0,100,141673.519981
-100.0,100,141699.828459
-100.0,100,141725.991609
-100.0,100,141752.14437
-100.0,100,141779.200288
-100.0,100,141805.495581
-100.0,100,141831.807775
-100.0,100,141858.065035
-100.0,100,141884.511555
-100.0,100,141911.039829
-100.0,100,141936.756003
-100.0,100,141962.796421
-100.0,100,141989.087838
-100.0,100,142015.68358
-100.0,100,142041.903593
-100.0,100,142068.135752
-100.0,100,142094.711308
-100.0,100,142120.901463
-100.0,100,142147.119755
-100.0,100,142173.05233
-100.0,100,142199.311842
-100.0,100,142225.523345
-100.0,100,142251.799637
-100.0,100,142278.132113
-100.0,100,142304.404152
-100.0,100,142330.591432
-100.0,100,142357.043646
-100.0,100,142383.243686
-100.0,100,142409.580391
-100.0,100,142435.68573
-100.0,100,142462.019863
-100.0,100,142488.387735
-100.0,100,142514.564366
-100.0,100,142540.6436
-100.0,100,142567.083436
-100.0,100,142593.355992
-100.0,100,142620.055674
-100.0,100,142645.959865
-100.0,100,142672.259365
-100.0,100,142698.703587
-100.0,100,142724.376425
-100.0,100,142747.419895
-100.0,100,142770.591479
-100.0,100,142793.61147
-100.0,100,142816.363506
-100.0,100,142838.940003
-100.0,100,142861.843591
-100.0,100,142884.531323
-100.0,100,142907.288437
-100.0,100,142930.07572
-100.0,100,142952.981448
-100.0,100,142978.824081
-100.0,100,143004.752479
-100.0,100,143031.115651
-100.0,100,143057.131951
-100.0,100,143083.184244
-100.0,100,143109.603612
-100.0,100,143136.007904
-100.0,100,143162.343857
-100.0,100,143188.420116
-100.0,100,143214.828007
-100.0,100,143241.171907
-100.0,100,143267.403554
-100.0,100,143293.471977
-100.0,100,143319.660187
-100.0,100,143345.744026
-100.0,100,143372.232432
-100.0,100,143398.503329
-100.0,100,143424.872087
-100.0,100,143451.139681
-100.0,100,143477.339508
-100.0,100,143503.892576
-100.0,100,143529.927621
-100.0,100,143556.503634
-100.0,100,143582.815779
-100.0,100,143609.036045
-100.0,100,143635.6486
-100.0,100,143661.555813
-100.0,100,143688.4324
-100.0,100,143714.656269
-100.0,100,143740.90366
-100.0,100,143767.435687
-100.0,100,143793.743887
-100.0,100,143820.104231
-100.0,100,143846.07638
-100.0,100,143872.600215
-100.0,100,143898.848207
-100.0,100,143924.779746
-100.0,100,143951.303424
-100.0,100,143977.447773
-100.0,100,144003.504207
-100.0,100,144030.175349
-100.0,100,144056.179612
-100.0,100,144082.208388
-100.0,100,144108.66419
-100.0,100,144135.087816
-100.0,100,144161.560276
-100.0,100,144187.495982
-100.0,100,144213.676445
-100.0,100,144240.083872
-100.0,100,144266.463433
-100.0,100,144289.484011
-100.0,100,144312.767545
-100.0,100,144335.85623
-100.0,100,144358.50798
-100.0,100,144381.155924
-100.0,100,144403.891372
-100.0,100,144426.47174
-100.0,100,144449.144082
-100.0,100,144471.871827
-100.0,100,144494.883991
-100.0,100,144520.43555
-100.0,100,144545.863809
-100.0,100,144571.605607
-100.0,100,144597.723614
-100.0,100,144624.079597
-100.0,100,144651.064663
-100.0,100,144677.876241
-100.0,100,144708.443388
-100.0,100,144740.239811
-100.0,100,144771.376652
-100.0,100,144806.703406
-100.0,100,144839.38339
-100.0,100,144873.044021
-100.0,100,144906.003416
-100.0,100,144937.491408
-100.0,100,144971.536132
-100.0,100,145008.259831
-100.0,100,145042.787399
-100.0,100,145076.755525
-100.0,100,145109.948085
-100.0,100,145143.731433
-100.0,100,145174.21541
-100.0,100,145205.191415
-100.0,100,145237.287399
-100.0,100,145269.592457
-100.0,100,145300.644063
-100.0,100,145334.495518
-100.0,100,145368.411414
-100.0,100,145402.455964
-100.0,100,145434.799436
-100.0,100,145466.268057
-100.0,100,145496.755364
-100.0,100,145527.671425
-100.0,100,145559.42738
-100.0,100,145590.465465
-100.0,100,145622.055924
-100.0,100,145652.603511
-100.0,100,145684.131385
-100.0,100,145716.399385
-100.0,100,145748.147413
-100.0,100,145779.055633
-100.0,100,145811.335415
-100.0,100,145843.368039
-100.0,100,145874.271619
-100.0,100,145903.94336
-100.0,100,145935.951443
-100.0,100,145966.446921
-100.0,100,145997.963433
-100.0,100,146029.987411
-100.0,100,146061.811437
-100.0,100,146088.56741
-100.0,100,146116.447356
-100.0,100,146143.340368
-100.0,100,146170.483635
-100.0,100,146197.875383
-100.0,100,146224.447428
-100.0,100,146252.152343
-100.0,100,146278.92338
-100.0,100,146306.055417
-100.0,100,146333.500448
-100.0,100,146364.244492
-100.0,100,146395.487419
-100.0,100,146426.891452
-100.0,100,146459.119324
-100.0,100,146490.819446
-100.0,100,146520.651421
-100.0,100,146553.391434
-100.0,100,146583.995663
-100.0,100,146614.603433
-100.0,100,146647.62793
-100.0,100,146679.903413
-100.0,100,146711.363427
-100.0,100,146743.841002
-100.0,100,146774.191378
-100.0,100,146806.791504
-100.0,100,146839.198453
-100.0,100,146870.451469
-100.0,100,146904.611396
-100.0,100,146935.259425
-100.0,100,146965.747398
-100.0,100,146998.359403
-100.0,100,147030.43546
-100.0,100,147061.359511
-100.0,100,147093.291408
-100.0,100,147125.343397
-100.0,100,147157.603424
-100.0,100,147189.019382
-100.0,100,147220.069646
-100.0,100,147251.431406
-100.0,100,147282.428797
-100.0,100,147313.72339
-100.0,100,147345.036653
-100.0,100,147377.803378
-100.0,100,147408.883395
-100.0,100,147439.339421
-100.0,100,147470.471645
-100.0,100,147503.011455
-100.0,100,147532.760854
-100.0,100,147565.239401
-100.0,100,147597.23702
-100.0,100,147627.827391
-100.0,100,147659.371404
-100.0,100,147690.559414
-100.0,100,147722.531408
-100.0,100,147755.011464
-100.0,100,147786.496986
-100.0,100,147817.611401
-100.0,100,147849.263433
-100.0,100,147879.77139
-100.0,100,147911.379393
-100.0,100,147938.41151
-100.0,100,147965.623414
-100.0,100,147991.835418
-100.0,100,148018.656324
-100.0,100,148045.168521
-100.0,100,148071.139642
-100.0,100,148097.144049
-100.0,100,148124.719394
-100.0,100,148150.427453
-100.0,100,148181.439391
-100.0,100,148213.48393
-100.0,100,148245.164099
-100.0,100,148277.055407
-100.0,100,148308.983387
-100.0,100,148341.345878
-100.0,100,148372.56736
-100.0,100,148403.635423
-100.0,100,148435.103467
-100.0,100,148466.943912
-100.0,100,148498.171418
-100.0,100,148528.824383
-100.0,100,148562.275404
-100.0,100,148594.115392
-100.0,100,148626.539398
-100.0,100,148658.88746
-100.0,100,148691.804132
-100.0,100,148724.00445
-100.0,100,148755.679437
-100.0,100,148786.855394
-100.0,100,148819.6874
-100.0,100,148850.659408
-100.0,100,148882.415368
-100.0,100,148915.084484
-100.0,100,148948.863443
-100.0,100,148980.803395
-100.0,100,149011.787406
-100.0,100,149044.611379
-100.0,100,149076.447406
-100.0,100,149107.007413
-100.0,100,149139.259404
-100.0,100,149170.283427
-100.0,100,149203.267388
-100.0,100,149234.54739
-100.0,100,149266.856469
-100.0,100,149295.419401
-100.0,100,149328.044025
-100.0,100,149359.699407
-100.0,100,149391.147529
-100.0,100,149422.480468
-100.0,100,149454.763385
-100.0,100,149486.523408
-100.0,100,149519.175407
-100.0,100,149550.523403
-100.0,100,149581.93941
-100.0,100,149614.235642
-100.0,100,149644.053495
-100.0,100,149677.263582
-100.0,100,149708.775424
-100.0,100,149741.63537
-100.0,100,149774.103486
-100.0,100,149800.527387
-100.0,100,149828.163433
-100.0,100,149855.435436
-100.0,100,149881.992041
-100.0,100,149908.067409
-100.0,100,149934.391978
-100.0,100,149961.147704
-100.0,100,149989.075431
-100.0,100,150015.671386
-100.0,100,150045.284269
-100.0,100,150076.951502
-100.0,100,150109.669236
-100.0,100,150142.943403
-100.0,100,150175.447402
-100.0,100,150207.692146
-100.0,100,150240.899526
-100.0,100,150275.224497
-100.0,100,150308.061781
-100.0,100,150339.264467
-100.0,100,150373.483435
-100.0,100,150406.471338
-100.0,100,150441.343948
-100.0,100,150473.255483
-100.0,100,150506.515675
-100.0,100,150540.524486
-100.0,100,150572.959478
-100.0,100,150608.368352
-100.0,100,150643.348275
-100.0,100,150677.359987
-100.0,100,150708.460413
-100.0,100,150740.728165
-100.0,100,150774.199403
-100.0,100,150807.855534
-100.0,100,150838.563391
-100.0,100,150870.592761
-100.0,100,150901.09147
-100.0,100,150932.987759
-100.0,100,150965.375351
-100.0,100,150998.717329
-100.0,100,151031.079442
-100.0,100,151064.071975
-100.0,100,151094.916324
-100.0,100,151127.51139
-100.0,100,151159.360503
-100.0,100,151191.951376
-100.0,100,151224.051664
-100.0,100,151254.235394
-100.0,100,151286.599379
-100.0,100,151319.264505
-100.0,100,151351.123363
-100.0,100,151382.695469
-100.0,100,151417.051408
-100.0,100,151448.715411
-100.0,100,151483.043411
-100.0,100,151515.503393
-100.0,100,151546.636176
-100.0,100,151578.07234
-100.0,100,151608.631388
-100.0,100,151641.272503
-100.0,100,151671.439387
-100.0,100,151698.575415
-100.0,100,151724.739446
-100.0,100,151752.044143
-100.0,100,151778.215465
-100.0,100,151804.895489
-100.0,100,151831.343386
-100.0,100,151857.983405
-100.0,100,151885.739415
-100.0,100,151911.483396
-100.0,100,151941.99942
-100.0,100,151972.739419
-100.0,100,152004.548441
-100.0,100,152035.435375
-100.0,100,152067.379383
-100.0,100,152099.347443
-100.0,100,152131.910708
-100.0,100,152163.175417
-100.0,100,152195.269436
-100.0,100,152229.968203
-100.0,100,152263.587399
-100.0,100,152297.115391
-100.0,100,152332.539409
-100.0,100,152365.279387
-100.0,100,152402.167398
-100.0,100,152434.647971
-100.0,100,152468.751478
-100.0,100,152500.192199
-100.0,100,152531.504356
-100.0,100,152563.011427
-100.0,100,152596.548061
-100.0,100,152627.335369
-100.0,100,152658.907385
-100.0,100,152690.57297
-100.0,100,152721.308295
-100.0,100,152753.400468
-100.0,100,152785.203409
-100.0,100,152816.793542
-100.0,100,152847.175414
-100.0,100,152878.383387
-100.0,100,152911.251398
-100.0,100,152942.215459
-100.0,100,152973.335397
-100.0,100,153005.363409
-100.0,100,153036.499631
-100.0,100,153068.067386
-100.0,100,153100.992222
-100.0,100,153132.506113
-100.0,100,153164.351377
-100.0,100,153195.395452
-100.0,100,153227.472089
-100.0,100,153257.975321
-100.0,100,153288.715397
-100.0,100,153320.9194
-100.0,100,153350.716351
-100.0,100,153383.67947
-100.0,100,153414.501662
-100.0,100,153447.047417
-100.0,100,153477.791384
-100.0,100,153510.724051
-100.0,100,153541.591454
-100.0,100,153569.003389
-100.0,100,153595.7474
-100.0,100,153623.5756
-100.0,100,153650.547394
-100.0,100,153677.184313
-100.0,100,153703.905201
-100.0,100,153730.684555
-100.0,100,153756.583492
-100.0,100,153782.9554
-100.0,100,153811.099967
-100.0,100,153842.839405
-100.0,100,153873.936143
-100.0,100,153905.083681
-100.0,100,153936.092172
-100.0,100,153966.323413
-100.0,100,153999.957155
-100.0,100,154032.132071
-100.0,100,154063.404223
-100.0,100,154095.317034
-100.0,100,154127.06139
-100.0,100,154157.119463
-100.0,100,154189.876
-100.0,100,154222.267424
-100.0,100,154252.46344
-100.0,100,154286.72738
-100.0,100,154318.595398
-100.0,100,154349.547422
-100.0,100,154382.047392
-100.0,100,154412.26404
-100.0,100,154444.087474
-100.0,100,154476.663924
-100.0,100,154508.091392
-100.0,100,154539.456084
-100.0,100,154569.324368
-100.0,100,154601.447478
-100.0,100,154634.059767
-100.0,100,154666.645167
-100.0,100,154697.227397
-100.0,100,154730.55634
-100.0,100,154761.888272
-100.0,100,154794.871386
-100.0,100,154825.680617
-100.0,100,154857.135439
-100.0,100,154889.799385
-100.0,100,154922.036127
-100.0,100,154954.619573
-100.0,100,154985.50385
-100.0,100,155017.899364
-100.0,100,155050.488525
-100.0,100,155084.126521
-100.0,100,155116.852197
-100.0,100,155149.427423
-100.0,100,155183.771866
-100.0,100,155217.092356
-100.0,100,155250.531404
-100.0,100,155283.344462
-100.0,100,155315.587528
-100.0,100,155347.439921
-100.0,100,155378.740252
-100.0,100,155410.639394
-100.0,100,155437.500309
-100.0,100,155464.835389
-100.0,100,155491.851402
-100.0,100,155518.811808
-100.0,100,155546.539375
-100.0,100,155573.419393
-100.0,100,155600.068522
-100.0,100,155627.247482
-100.0,100,155653.415436
-100.0,100,155683.49939
-100.0,100,155714.815606
-100.0,100,155744.904259
-100.0,100,155777.039543
-100.0,100,155808.103996
-100.0,100,155837.732125
-100.0,100,155866.915866
-100.0,100,155897.27598
-100.0,100,155927.811995
-100.0,100,155957.763584
-100.0,100,155988.226219
-100.0,100,156018.591392
-100.0,100,156050.29584
-100.0,100,156080.324429
-100.0,100,156110.781329
-100.0,100,156140.739616
-100.0,100,156170.507589
-100.0,100,156201.361576
-100.0,100,156231.66808
-100.0,100,156262.035644
-100.0,100,156292.568512
-100.0,100,156321.60744
-100.0,100,156352.452186
-100.0,100,156382.451426
-100.0,100,156412.943844
-100.0,100,156443.795386
-100.0,100,156474.619473
-100.0,100,156505.296127
-100.0,100,156535.856308
-100.0,100,156565.356445
-100.0,100,156597.10105
-100.0,100,156627.327622
-100.0,100,156656.203413
-100.0,100,156688.420834
-100.0,100,156718.851398
-100.0,100,156748.001513
-100.0,100,156779.377132
-100.0,100,156810.295098
-100.0,100,156841.384004
-100.0,100,156871.156461
-100.0,100,156901.496919
-100.0,100,156933.208194
-100.0,100,156964.222105
-100.0,100,156993.672273
-100.0,100,157024.284283
-100.0,100,157054.258106
-100.0,100,157084.483413
-100.0,100,157115.652169
-100.0,100,157145.800255
-100.0,100,157175.352212
-100.0,100,157207.436396
-100.0,100,157233.800284
-100.0,100,157260.527846
-100.0,100,157286.927854
-100.0,100,157313.256427
-100.0,100,157339.280861
-100.0,100,157366.312104
-100.0,100,157392.763783
-100.0,100,157418.338327
-100.0,100,157445.115941
-100.0,100,157472.671388
-100.0,100,157504.023452
-100.0,100,157532.943664
-100.0,100,157564.023732
-100.0,100,157593.875401
-100.0,100,157624.075981
-100.0,100,157654.17617
-100.0,100,157684.017507
-100.0,100,157714.816423
-100.0,100,157745.428413
-100.0,100,157775.791461
-100.0,100,157805.707968
-100.0,100,157835.927382
-100.0,100,157867.202315
-100.0,100,157897.943519
-100.0,100,157928.359528
-100.0,100,157960.123878
-100.0,100,157992.403742
-100.0,100,158022.747412
-100.0,100,158054.751844
-100.0,100,158085.347794
-100.0,100,158116.328063
-100.0,100,158147.734871
-100.0,100,158178.195426
-100.0,100,158209.447434
-100.0,100,158239.179458
-100.0,100,158270.700084
-100.0,100,158301.468247
-100.0,100,158330.872185
-100.0,100,158362.316558
-100.0,100,158391.987466
-100.0,100,158421.987519
-100.0,100,158452.964081
-100.0,100,158484.364359
-100.0,100,158513.752393
-100.0,100,158543.647382
-100.0,100,158574.999774
-100.0,100,158605.979347
-100.0,100,158637.427447
-100.0,100,158667.823441
-100.0,100,158697.843407
-100.0,100,158729.595343
-100.0,100,158760.320071
-100.0,100,158790.863804
-100.0,100,158821.076111
-100.0,100,158852.795421
-100.0,100,158883.503445
-100.0,100,158914.239953
-100.0,100,158944.696399
-100.0,100,158975.347224
-100.0,100,159007.099466
-100.0,100,159032.898069
-100.0,100,159060.08126
-100.0,100,159086.915713
-100.0,100,159113.580344
-100.0,100,159139.72452
-100.0,100,159166.952552
-100.0,100,159194.307595
-100.0,100,159220.517863
-100.0,100,159245.811006
-100.0,100,159272.132282
-100.0,100,159301.776454
-100.0,100,159332.25595
-100.0,100,159363.223329
-100.0,100,159392.819877
-100.0,100,159422.587376
-100.0,100,159453.624826
-100.0,100,159485.091422
-100.0,100,159514.424606
-100.0,100,159544.832252
-100.0,100,159575.620623
-100.0,100,159606.859811
-100.0,100,159636.175402
-100.0,100,159667.05643
-100.0,100,159698.127445
-100.0,100,159727.815976
-100.0,100,159758.035561
-100.0,100,159790.163507
-100.0,100,159820.637585
-100.0,100,159851.217779
-100.0,100,159882.116452
-100.0,100,159911.951841
-100.0,100,159941.607831
-100.0,100,159971.196536
-100.0,100,160001.78361
-100.0,100,160032.272391
-100.0,100,160062.419475
-100.0,100,160092.431413
-100.0,100,160123.195653
-100.0,100,160153.815613
-100.0,100,160184.455395
-100.0,100,160214.427672
-100.0,100,160244.507414
-100.0,100,160274.495371
-100.0,100,160306.488883
-100.0,100,160336.347725
-100.0,100,160367.552195
-100.0,100,160397.851399
-100.0,100,160427.803962
-100.0,100,160458.15235
-100.0,100,160488.415549
-100.0,100,160519.211921
-100.0,100,160548.624451
-100.0,100,160578.888347
-100.0,100,160609.299388
-100.0,100,160639.103968
-100.0,100,160670.69938
-100.0,100,160700.269635
-100.0,100,160729.652314
-100.0,100,160759.304169
-100.0,100,160788.675639
-100.0,100,160814.667506
-100.0,100,160841.423833
-100.0,100,160866.931736
-100.0,100,160894.440398
-100.0,100,160921.08834
-100.0,100,160947.803792
-100.0,100,160974.215573
-100.0,100,161000.380386
-100.0,100,161027.239596
-100.0,100,161053.916253
-100.0,100,161084.101635
-100.0,100,161113.744474
-100.0,100,161142.947952
-100.0,100,161173.171835
-100.0,100,161204.31185
-100.0,100,161235.107747
-100.0,100,161266.059395
-100.0,100,161295.44005
-100.0,100,161325.443354
-100.0,100,161355.623684
-100.0,100,161385.968284
-100.0,100,161416.759398
-100.0,100,161447.407946
-100.0,100,161477.983422
-100.0,100,161509.460577
-100.0,100,161538.836225
-100.0,100,161568.583407
-100.0,100,161598.829703
-100.0,100,161629.201473
-100.0,100,161660.684312
-100.0,100,161690.125254
-100.0,100,161721.765075
-100.0,100,161750.697437
-100.0,100,161781.522259
-100.0,100,161812.029591
-100.0,100,161842.3114
-100.0,100,161871.123435
-100.0,100,161902.215456
-100.0,100,161931.979368
-100.0,100,161962.174412
-100.0,100,161992.988335
-100.0,100,162022.333117
-100.0,100,162053.240464
-100.0,100,162082.791809
-100.0,100,162113.815114
-100.0,100,162143.768238
-100.0,100,162174.679466
-100.0,100,162204.745732
-100.0,100,162235.728315
-100.0,100,162265.593056
-100.0,100,162297.659608
-100.0,100,162327.677999
-100.0,100,162358.349564
-100.0,100,162389.100164
-100.0,100,162419.820381
-100.0,100,162449.28383
-100.0,100,162479.871601
-100.0,100,162510.22485
-100.0,100,162541.324059
-100.0,100,162571.988345
-100.0,100,162599.415437
-100.0,100,162626.385769
-100.0,100,162652.814715
-100.0,100,162679.115996
-100.0,100,162705.863411
-100.0,100,162732.584196
-100.0,100,162758.495675
-100.0,100,162785.645717
-100.0,100,162813.361053
-100.0,100,162838.929869
-100.0,100,162869.932859
-100.0,100,162901.079234
-100.0,100,162931.084426
-100.0,100,162962.624298
-100.0,100,162993.752987
-100.0,100,163024.087996
-100.0,100,163055.816541
-100.0,100,163086.842223
-100.0,100,163118.476533
-100.0,100,163150.579765
-100.0,100,163181.643466
-100.0,100,163212.764409
-100.0,100,163243.079402
-100.0,100,163273.991387
-100.0,100,163305.459819
-100.0,100,163337.179438
-100.0,100,163366.936386
-100.0,100,163397.371388
-100.0,100,163428.132407
-100.0,100,163458.783894
-100.0,100,163488.964046
-100.0,100,163521.205902
-100.0,100,163552.699872
-100.0,100,163582.963457
-100.0,100,163614.915963
-100.0,100,163645.852168
-100.0,100,163675.690846
-100.0,100,163707.497675
-100.0,100,163738.84342
-100.0,100,163769.234527
-100.0,100,163799.727417
-100.0,100,163829.947471
-100.0,100,163859.879429
-100.0,100,163890.536517
-100.0,100,163920.095392
-100.0,100,163949.959398
-100.0,100,163981.58828
-100.0,100,164011.855512
-100.0,100,164041.895316
-100.0,100,164072.359072
-100.0,100,164102.992152
-100.0,100,164134.079386
-100.0,100,164163.995374
-100.0,100,164194.664171
-100.0,100,164223.407421
-100.0,100,164255.303462
-100.0,100,164286.08707
-100.0,100,164315.891447
-100.0,100,164346.707579
-100.0,100,164377.199562
-100.0,100,164403.787408
-100.0,100,164430.740222
-100.0,100,164456.87259
-100.0,100,164483.395945
-100.0,100,164509.948293
-100.0,100,164536.639596
-100.0,100,164563.699822
-100.0,100,164590.001382
-100.0,100,164616.491951
-100.0,100,164643.447838
-100.0,100,164674.523859
-100.0,100,164704.347863
-100.0,100,164736.592375
-100.0,100,164765.243407
-100.0,100,164796.216393
-100.0,100,164829.076498
-100.0,100,164859.235372
-100.0,100,164889.107404
-100.0,100,164919.5595
-100.0,100,164950.031399
-100.0,100,164980.075418
-100.0,100,165011.331427
-100.0,100,165042.068075
-100.0,100,165071.972528
-100.0,100,165102.244741
-100.0,100,165132.736341
-100.0,100,165164.112105
-100.0,100,165195.37549
-100.0,100,165225.123418
-100.0,100,165255.811652
-100.0,100,165284.263462
-100.0,100,165315.199798
-100.0,100,165345.764682
-100.0,100,165376.255697
-100.0,100,165406.27547
-100.0,100,165436.328169
-100.0,100,165467.597265
-100.0,100,165498.042596
-100.0,100,165529.531623
-100.0,100,165560.651442
-100.0,100,165591.412579
-100.0,100,165622.128354
-100.0,100,165652.265487
-100.0,100,165681.999588
-100.0,100,165713.855372
-100.0,100,165744.172315
-100.0,100,165774.15139
-100.0,100,165803.843697
-100.0,100,165834.512056
-100.0,100,165864.440243
-100.0,100,165893.823153
-100.0,100,165923.477088
-100.0,100,165953.688245
-100.0,100,165984.600519
-100.0,100,166015.067459
-100.0,100,166045.648475
-100.0,100,166076.012314
-100.0,100,166105.423971
-100.0,100,166136.176528
-100.0,100,166166.068671
-100.0,100,166193.283585
-100.0,100,166219.136049
-100.0,100,166245.296325
-100.0,100,166271.448165
-100.0,100,166298.032199
-100.0,100,166323.924677
-100.0,100,166350.851746
-100.0,100,166377.758272
-100.0,100,166403.947923
-100.0,100,166429.624896
-100.0,100,166460.28427
-100.0,100,166489.663621
-100.0,100,166520.608005
-100.0,100,166551.323711
-100.0,100,166582.535404
-100.0,100,166612.688211
-100.0,100,166642.439398
-100.0,100,166673.984037
-100.0,100,166703.645818
-100.0,100,166734.980488
-100.0,100,166764.583505
-100.0,100,166794.397323
-100.0,100,166825.771749
-100.0,100,166854.972519
-100.0,100,166886.940605
-100.0,100,166916.723725
-100.0,100,166947.67135
-100.0,100,166979.257376
-100.0,100,167008.567487
-100.0,100,167038.431405
-100.0,100,167068.121531
-100.0,100,167099.392686
-100.0,100,167130.251423
-100.0,100,167161.476192
-100.0,100,167191.779444
-100.0,100,167222.159496
-100.0,100,167252.043446
-100.0,100,167282.218771
-100.0,100,167312.571381
-100.0,100,167342.939395
-100.0,100,167373.372058
-100.0,100,167403.872343
-100.0,100,167434.816038
-100.0,100,167464.456
-100.0,100,167495.400442
-100.0,100,167526.560175
-100.0,100,167557.423993
-100.0,100,167587.952434
-100.0,100,167618.035378
-100.0,100,167650.211402
-100.0,100,167681.406378
-100.0,100,167712.067885
-100.0,100,167743.835357
-100.0,100,167774.515583
-100.0,100,167806.083474
-100.0,100,167838.603611
-100.0,100,167870.303386
-100.0,100,167901.178474
-100.0,100,167931.863354
-100.0,100,167962.235453
-100.0,100,167988.271434
-100.0,100,168013.522025
-100.0,100,168039.344532
-100.0,100,168065.595466
-100.0,100,168092.096461
-100.0,100,168119.243425
-100.0,100,168145.099444
-100.0,100,168170.635563
-100.0,100,168197.151388
-100.0,100,168225.899485
-100.0,100,168256.891436
-100.0,100,168286.899402
-100.0,100,168316.42802
-100.0,100,168346.575866
-100.0,100,168377.605878
-100.0,100,168408.567365
-100.0,100,168438.252157
-100.0,100,168467.524433
-100.0,100,168498.380079
-100.0,100,168529.604836
-100.0,100,168559.488467
-100.0,100,168590.743377
-100.0,100,168620.222657
-100.0,100,168650.011579
-100.0,100,168680.139637
-100.0,100,168710.912275
-100.0,100,168741.651629
-100.0,100,168772.839717
-100.0,100,168801.871442
-100.0,100,168833.54408
-100.0,100,168862.389323
-100.0,100,168894.596227
-100.0,100,168923.660519
-100.0,100,168953.700919
-100.0,100,168986.136213
-100.0,100,169016.532987
-100.0,100,169046.900965
-100.0,100,169075.996126
-100.0,100,169108.211735
-100.0,100,169138.484255
-100.0,100,169169.136683
-100.0,100,169198.875675
-100.0,100,169229.335864
-100.0,100,169259.115383
-100.0,100,169289.059971
-100.0,100,169319.64797
-100.0,100,169351.479889
-100.0,100,169381.560349
-100.0,100,169411.166342
-100.0,100,169441.320388
-100.0,100,169471.311985
-100.0,100,169502.079382
-100.0,100,169531.39183
-100.0,100,169561.519177
-100.0,100,169591.512382
-100.0,100,169622.331403
-100.0,100,169653.379675
-100.0,100,169683.603421
-100.0,100,169713.439111
-100.0,100,169743.776664
-100.0,100,169769.772384
-100.0,100,169796.332189
-100.0,100,169822.519401
-100.0,100,169848.484521
-100.0,100,169874.711426
-100.0,100,169901.460441
-100.0,100,169927.543694
-100.0,100,169953.007777
-100.0,100,169979.20414
-100.0,100,170009.196086
-100.0,100,170038.680214
-100.0,100,170071.33586
-100.0,100,170101.17542
-100.0,100,170131.120654
-100.0,100,170161.604262
-100.0,100,170193.311426
-100.0,100,170223.755394
-100.0,100,170253.760471
-100.0,100,170284.035418
-100.0,100,170314.852618
-100.0,100,170344.908166
-100.0,100,170376.208339
-100.0,100,170405.640016
-100.0,100,170436.943425
-100.0,100,170467.716311
-100.0,100,170499.456387
-100.0,100,170529.07188
-100.0,100,170561.0077
-100.0,100,170591.383948
-100.0,100,170621.388202
-100.0,100,170651.591598
-100.0,100,170681.080488
-100.0,100,170713.296498
-100.0,100,170743.691404
-100.0,100,170774.157476
-100.0,100,170805.215457
-100.0,100,170834.254958
-100.0,100,170865.071974
-100.0,100,170896.089291
-100.0,100,170926.06986
-100.0,100,170957.543658
-100.0,100,170987.924221
-100.0,100,171019.238576
-100.0,100,171048.587895
-100.0,100,171079.608359
-100.0,100,171111.112321
-100.0,100,171142.196145
-100.0,100,171173.356503
-100.0,100,171204.46848
-100.0,100,171235.347907
-100.0,100,171266.512242
-100.0,100,171296.718718
-100.0,100,171327.180549
-100.0,100,171358.012272
-100.0,100,171388.443789
-100.0,100,171420.923397
-100.0,100,171453.863397
-100.0,100,171484.058979
-100.0,100,171515.019338
-100.0,100,171546.179365
-100.0,100,171572.336341
-100.0,100,171599.024451
-100.0,100,171625.005476
-100.0,100,171650.548473
-100.0,100,171677.327446
-100.0,100,171703.903652
-100.0,100,171730.683406
-100.0,100,171758.159937
-100.0,100,171785.064207
-100.0,100,171811.193531
-100.0,100,171841.675441
-100.0,100,171871.524602
-100.0,100,171901.97941
-100.0,100,171933.017353
-100.0,100,171963.09707
-100.0,100,171994.835408
-100.0,100,172025.007421
-100.0,100,172053.752292
-100.0,100,172084.832437
-100.0,100,172116.379963
-100.0,100,172146.547417
-100.0,100,172177.442862
-100.0,100,172207.632617
-100.0,100,172238.607753
-100.0,100,172268.748091
-100.0,100,172297.408057
-100.0,100,172330.45211
-100.0,100,172360.784431
-100.0,100,172390.440743
-100.0,100,172421.00751
-100.0,100,172451.988453
-100.0,100,172483.007383
-100.0,100,172513.051536
-100.0,100,172543.660175
-100.0,100,172574.419402
-100.0,100,172603.723346
-100.0,100,172633.828056
-100.0,100,172664.900207
-100.0,100,172695.715906
-100.0,100,172726.527953
-100.0,100,172757.0201
-100.0,100,172787.843785
-100.0,100,172818.116068
-100.0,100,172848.592877
-100.0,100,172880.056853
-100.0,100,172910.243405
-100.0,100,172940.520079
-100.0,100,172972.683662
-100.0,100,173003.748161
-100.0,100,173034.823391
-100.0,100,173065.447525
-100.0,100,173096.909153
-100.0,100,173126.07218
-100.0,100,173157.579393
-100.0,100,173187.939462
-100.0,100,173219.376365
-100.0,100,173249.207369
-100.0,100,173280.275841
-100.0,100,173311.489095
-100.0,100,173343.023572
-100.0,100,173369.988496
-100.0,100,173396.636125
-100.0,100,173422.043779
-100.0,100,173448.367393
-100.0,100,173474.544394
-100.0,100,173500.784384
-100.0,100,173526.523535
-100.0,100,173552.723877
-100.0,100,173578.913663
-100.0,100,173609.884036
-100.0,100,173639.83952
-100.0,100,173670.560203
-100.0,100,173701.207464
-100.0,100,173733.308
-100.0,100,173763.507833
-100.0,100,173794.920434
-100.0,100,173825.439398
-100.0,100,173856.616146
-100.0,100,173887.515445
-100.0,100,173918.28531
-100.0,100,173949.885185
-100.0,100,173981.215619
-100.0,100,174011.940669
-100.0,100,174042.860104
-100.0,100,174074.631491
-100.0,100,174104.211389
-100.0,100,174135.459399
-100.0,100,174165.807326
-100.0,100,174197.495394
-100.0,100,174227.083719
-100.0,100,174259.019431
-100.0,100,174288.255332
-100.0,100,174319.528191
-100.0,100,174350.211502
-100.0,100,174381.659398
-100.0,100,174411.659392
-100.0,100,174442.508445
-100.0,100,174473.255893
-100.0,100,174504.603379
-100.0,100,174535.785194
-100.0,100,174566.483402
-100.0,100,174597.60037
-100.0,100,174627.307486
-100.0,100,174657.756347
-100.0,100,174690.151432
-100.0,100,174721.472408
-100.0,100,174752.576489
-100.0,100,174783.212364
-100.0,100,174813.596393
-100.0,100,174844.316358
-100.0,100,174874.925409
-100.0,100,174905.295917
-100.0,100,174937.108103
-100.0,100,174967.859903
-100.0,100,174998.923867
-100.0,100,175030.403393
-100.0,100,175060.544446
-100.0,100,175093.251434
-100.0,100,175122.36002
-100.0,100,175153.912437
-100.0,100,175180.307399
-100.0,100,175206.215411
-100.0,100,175232.451803
-100.0,100,175258.399305
-100.0,100,175285.172404
-100.0,100,175310.880358
-100.0,100,175336.799856
-100.0,100,175363.240478
-100.0,100,175389.780375
-100.0,100,175419.323438
-100.0,100,175449.519425
-100.0,100,175480.599733
-100.0,100,175510.947638
-100.0,100,175540.880312
-100.0,100,175572.611444
-100.0,100,175603.787461
-100.0,100,175633.295936
-100.0,100,175663.459728
-100.0,100,175694.495445
-100.0,100,175724.136139
-100.0,100,175753.827406
-100.0,100,175783.55646
-100.0,100,175814.66001
-100.0,100,175845.932292
-100.0,100,175874.669919
-100.0,100,175905.476126
-100.0,100,175934.927588
-100.0,100,175965.716078
-100.0,100,175995.795962
-100.0,100,176025.524076
-100.0,100,176057.255809
-100.0,100,176087.552779
-100.0,100,176117.964414
-100.0,100,176147.753234
-100.0,100,176177.735895
-100.0,100,176207.383914
-100.0,100,176238.596369
-100.0,100,176268.111434
-100.0,100,176298.30444
-100.0,100,176329.757596
-100.0,100,176359.785979
-100.0,100,176389.889713
-100.0,100,176420.971401
-100.0,100,176452.131836
-100.0,100,176482.575727
-100.0,100,176514.168223
-100.0,100,176544.335388
-100.0,100,176574.826451
-100.0,100,176604.053139
-100.0,100,176634.904471
-100.0,100,176665.231771
-100.0,100,176695.732781
-100.0,100,176725.620831
-100.0,100,176756.491878
-100.0,100,176787.047891
-100.0,100,176816.927384
-100.0,100,176846.775415
-100.0,100,176877.547491
-100.0,100,176909.045847
-100.0,100,176938.350483
-100.0,100,176964.809061
-100.0,100,176990.632841
-100.0,100,177015.990587
-100.0,100,177042.503375
-100.0,100,177068.489461
-100.0,100,177094.111389
-100.0,100,177120.291705
-100.0,100,177146.544265
-100.0,100,177173.135648
-100.0,100,177203.075545
-100.0,100,177232.387493
-100.0,100,177262.268113
-100.0,100,177294.196388
-100.0,100,177323.459716
-100.0,100,177354.387963
-100.0,100,177385.973277
-100.0,100,177416.627883
-100.0,100,177446.988601
-100.0,100,177477.647454
-100.0,100,177508.195498
-100.0,100,177539.691226
-100.0,100,177570.092973
-100.0,100,177601.891519
-100.0,100,177632.339495
-100.0,100,177662.688763
-100.0,100,177691.937281
-100.0,100,177723.180063
-100.0,100,177755.088353
-100.0,100,177784.995381
-100.0,100,177813.946599
-100.0,100,177844.93242
-100.0,100,177875.42765
-100.0,100,177905.549279
-100.0,100,177936.176296
-100.0,100,177966.640653
-100.0,100,177996.843739
-100.0,100,178026.767701
-100.0,100,178058.941346
-100.0,100,178088.445167
-100.0,100,178119.384108
-100.0,100,178149.954562
-100.0,100,178179.964332
-100.0,100,178210.339438
-100.0,100,178239.570073
-100.0,100,178269.119801
-100.0,100,178300.071544
-100.0,100,178331.429515
-100.0,100,178361.192008
-100.0,100,178391.935934
-100.0,100,178422.936208
-100.0,100,178453.000478
-100.0,100,178484.129936
-100.0,100,178514.820117
-100.0,100,178544.751571
-100.0,100,178576.425635
-100.0,100,178606.174367
-100.0,100,178635.563767
-100.0,100,178667.065064
-100.0,100,178697.88851
-100.0,100,178727.708126
-100.0,100,178754.408357
-100.0,100,178780.483542
-100.0,100,178806.292419
-100.0,100,178832.915761
-100.0,100,178858.604039
-100.0,100,178885.356389
-100.0,100,178911.715688
-100.0,100,178938.89299
-100.0,100,178964.147856
-100.0,100,178995.1475
-100.0,100,179026.707388
-100.0,100,179057.301052
-100.0,100,179088.208335
-100.0,100,179120.73218
-100.0,100,179150.027817
-100.0,100,179181.147433
-100.0,100,179213.070176
-100.0,100,179243.556752
-100.0,100,179274.080348
-100.0,100,179306.821105
-100.0,100,179338.042769
-100.0,100,179369.873255
-100.0,100,179401.18746
-100.0,100,179430.60836
-100.0,100,179460.859789
-100.0,100,179492.407414
-100.0,100,179523.97944
-100.0,100,179554.459456
-100.0,100,179584.243446
-100.0,100,179614.611405
-100.0,100,179644.625743
-100.0,100,179675.635429
-100.0,100,179706.331649
-100.0,100,179738.112342
-100.0,100,179768.587095
-100.0,100,179799.251321
-100.0,100,179829.516478
-100.0,100,179860.159441
-100.0,100,179889.203937
-100.0,100,179920.820684
-100.0,100,179950.864534
-100.0,100,179982.024342
-100.0,100,180012.143437
-100.0,100,180043.316071
-100.0,100,180072.813914
-100.0,100,180104.187415
-100.0,100,180133.935869
-100.0,100,180164.667638
-100.0,100,180195.636443
-100.0,100,180225.496459
-100.0,100,180256.523414
-100.0,100,180287.568491
-100.0,100,180318.582995
-100.0,100,180349.1278
-100.0,100,180379.310093
-100.0,100,180409.717264
-100.0,100,180441.640497
-100.0,100,180471.240014
-100.0,100,180500.831795
-100.0,100,180533.376125
-100.0,100,180559.596434
-100.0,100,180586.036515
-100.0,100,180611.449106
-100.0,100,180637.203453
-100.0,100,180662.736185
-100.0,100,180688.5121
-100.0,100,180714.30042
-100.0,100,180740.960388
-100.0,100,180767.52339
-100.0,100,180795.63187
-100.0,100,180826.024695
-100.0,100,180855.53642
-100.0,100,180887.332026
-100.0,100,180917.29142
-100.0,100,180947.95244
-100.0,100,180978.091295
-100.0,100,181008.460442
-100.0,100,181039.61264
-100.0,100,181071.507784
-100.0,100,181100.555909
-100.0,100,181131.615716
-100.0,100,181162.55989
-100.0,100,181193.771397
-100.0,100,181225.052278
-100.0,100,181256.352278
-100.0,100,181287.236046
-100.0,100,181317.464104
-100.0,100,181347.172413
-100.0,100,181377.675393
-100.0,100,181408.257386
-100.0,100,181438.048129
-100.0,100,181467.228146
-100.0,100,181498.121153
-100.0,100,181527.787805
-100.0,100,181558.292541
-100.0,100,181589.259723
-100.0,100,181618.86451
-100.0,100,181649.651602
-100.0,100,181679.731476
-100.0,100,181709.816254
-100.0,100,181741.104869
-100.0,100,181772.099522
-100.0,100,181803.692455
-100.0,100,181833.801598
-100.0,100,181863.515531
-100.0,100,181893.399789
-100.0,100,181923.879589
-100.0,100,181953.821524
-100.0,100,181983.464015
-100.0,100,182013.772107
-100.0,100,182044.511628
-100.0,100,182074.988624
-100.0,100,182105.627387
-100.0,100,182136.917833
-100.0,100,182167.62956
-100.0,100,182197.292145
-100.0,100,182226.80415
-100.0,100,182257.323914
-100.0,100,182288.225231
-100.0,100,182317.80355
-100.0,100,182343.587817
-100.0,100,182369.716164
-100.0,100,182395.327895
-100.0,100,182420.911541
-100.0,100,182447.388439
-100.0,100,182473.418529
-100.0,100,182499.409093
-100.0,100,182525.353687
-100.0,100,182551.475362
-100.0,100,182581.243383
-100.0,100,182611.757684
-100.0,100,182642.756204
-100.0,100,182672.727804
-100.0,100,182702.82741
-100.0,100,182734.896046
-100.0,100,182764.748791
-100.0,100,182795.451401
-100.0,100,182826.859773
-100.0,100,182858.459397
-100.0,100,182890.044743
-100.0,100,182920.329846
-100.0,100,182953.103653
-100.0,100,182984.483475
-100.0,100,183015.819721
-100.0,100,183047.215429
-100.0,100,183077.347391
-100.0,100,183108.779388
-100.0,100,183138.379402
-100.0,100,183169.841568
-100.0,100,183201.152357
-100.0,100,183232.54173
-100.0,100,183263.308181
-100.0,100,183293.815972
-100.0,100,183323.823424
-100.0,100,183353.902147
-100.0,100,183384.035418
-100.0,100,183413.995389
-100.0,100,183444.547406
-100.0,100,183475.775771
-100.0,100,183505.295673
-100.0,100,183535.752997
-100.0,100,183566.955909
-100.0,100,183597.433146
-100.0,100,183627.75968
-100.0,100,183658.615455
-100.0,100,183688.10741
-100.0,100,183718.92751
-100.0,100,183749.815452
-100.0,100,183781.440437
-100.0,100,183811.848469
-100.0,100,183841.188198
-100.0,100,183871.494357
-100.0,100,183902.55142
-100.0,100,183932.688672
-100.0,100,183963.236398
-100.0,100,183993.662697
-100.0,100,184024.041467
-100.0,100,184052.991446
-100.0,100,184082.905493
-100.0,100,184113.020325
-100.0,100,184139.623506
-100.0,100,184165.804008
-100.0,100,184191.379872
-100.0,100,184217.607665
-100.0,100,184244.310174
-100.0,100,184270.691383
-100.0,100,184297.476652
-100.0,100,184323.515986
-100.0,100,184350.100238
-100.0,100,184376.899902
-100.0,100,184407.198711
-100.0,100,184437.759603
-100.0,100,184468.315497
-100.0,100,184499.182403
-100.0,100,184529.099861
-100.0,100,184559.763425
-100.0,100,184591.432658
-100.0,100,184622.831427
-100.0,100,184653.904348
-100.0,100,184683.467485
-100.0,100,184713.888144
-100.0,100,184744.083709
-100.0,100,184776.227685
-100.0,100,184806.328447
-100.0,100,184837.267458
-100.0,100,184867.928659
-100.0,100,184897.4714
-100.0,100,184927.54421
-100.0,100,184956.925896
-100.0,100,184987.953562
-100.0,100,185018.187384
-100.0,100,185049.256178
-100.0,100,185079.436502
-100.0,100,185110.54242
-100.0,100,185140.968838
-100.0,100,185171.735902
-100.0,100,185201.280241
-100.0,100,185231.528313
-100.0,100,185262.088227
-100.0,100,185293.488196
-100.0,100,185323.675498
-100.0,100,185353.655876
-100.0,100,185384.172367
-100.0,100,185415.091967
-100.0,100,185446.281457
-100.0,100,185476.535943
-100.0,100,185506.45576
-100.0,100,185536.076351
-100.0,100,185567.732239
-100.0,100,185598.88342
-100.0,100,185628.32338
-100.0,100,185659.131904
-100.0,100,185688.687401
-100.0,100,185719.444223
-100.0,100,185750.624055
-100.0,100,185780.531405
-100.0,100,185811.136488
-100.0,100,185841.329825
-100.0,100,185871.260056
-100.0,100,185901.443416
-100.0,100,185927.61146
-100.0,100,185953.711438
-100.0,100,185979.446365
-100.0,100,186005.463754
-100.0,100,186031.088497
-100.0,100,186056.951396
-100.0,100,186082.803931
-100.0,100,186109.276219
-100.0,100,186135.856733
-100.0,100,186164.459786
-100.0,100,186195.751394
-100.0,100,186225.627522
-100.0,100,186256.311903
-100.0,100,186287.327832
-100.0,100,186318.90821
-100.0,100,186349.552263
-100.0,100,186380.40902
-100.0,100,186411.604059
-100.0,100,186441.82509
-100.0,100,186472.692555
-100.0,100,186503.128501
-100.0,100,186531.519388
-100.0,100,186563.680106
-100.0,100,186592.45557
-100.0,100,186623.719454
-100.0,100,186654.611872
-100.0,100,186684.151773
-100.0,100,186716.144567
-100.0,100,186745.600559
-100.0,100,186777.091516
-100.0,100,186806.759537
-100.0,100,186836.959431
-100.0,100,186868.344613
-100.0,100,186897.559921
-100.0,100,186927.924347
-100.0,100,186958.008014
-100.0,100,186988.719768
-100.0,100,187019.263384
-100.0,100,187049.795981
-100.0,100,187079.540495
-100.0,100,187109.50033
-100.0,100,187139.664284
-100.0,100,187170.731385
-100.0,100,187200.707623
-100.0,100,187230.97143
-100.0,100,187261.171751
-100.0,100,187292.684233
-100.0,100,187323.559787
-100.0,100,187354.020407
-100.0,100,187384.759392
-100.0,100,187415.912243
-100.0,100,187447.243828
-100.0,100,187478.389446
-100.0,100,187509.443424
-100.0,100,187540.724116
-100.0,100,187571.22807
-100.0,100,187602.385135
-100.0,100,187632.539502
-100.0,100,187663.692025
-100.0,100,187693.316544
-100.0,100,187719.556099
-100.0,100,187745.619638
-100.0,100,187772.224053
-100.0,100,187798.471429
-100.0,100,187824.225471
-100.0,100,187850.100159
-100.0,100,187876.452136
-100.0,100,187902.520443
-100.0,100,187929.079426
-100.0,100,187960.329541
-100.0,100,187990.42673
-100.0,100,188021.007447
-100.0,100,188050.339459
-100.0,100,188081.292153
-100.0,100,188111.963491
-100.0,100,188142.426835
-100.0,100,188172.956013
-100.0,100,188202.843402
-100.0,100,188233.611912
-100.0,100,188264.075433
-100.0,100,188293.992555
-100.0,100,188325.443394
-100.0,100,188355.775324
-100.0,100,188385.31142
-100.0,100,188416.419455
-100.0,100,188447.311414
-100.0,100,188476.644902
-100.0,100,188507.357512
-100.0,100,188536.319434
-100.0,100,188567.581904
-100.0,100,188598.551745
-100.0,100,188629.028334
-100.0,100,188658.844816
-100.0,100,188689.412064
-100.0,100,188718.908309
-100.0,100,188750.497375
-100.0,100,188779.628768
-100.0,100,188810.360212
-100.0,100,188840.308787
-100.0,100,188869.52411
-100.0,100,188899.635418
-100.0,100,188929.973823
-100.0,100,188961.331403
-100.0,100,188990.941358
-100.0,100,189021.675701
-100.0,100,189053.015357
-100.0,100,189083.136131
-100.0,100,189111.999741
-100.0,100,189142.264793
-100.0,100,189173.532123
-100.0,100,189204.09188
-100.0,100,189234.731628
-100.0,100,189265.087555
-100.0,100,189295.036637
-100.0,100,189324.867059
-100.0,100,189356.023561
-100.0,100,189386.381411
-100.0,100,189415.667734
-100.0,100,189446.111406
-100.0,100,189478.099381
-100.0,100,189504.207404
-100.0,100,189530.139471
-100.0,100,189557.080287
-100.0,100,189584.39176
-100.0,100,189610.936515
-100.0,100,189637.159145
-100.0,100,189663.768107
-100.0,100,189690.518567
-100.0,100,189716.460077
-100.0,100,189743.278337
-100.0,100,189773.219413
-100.0,100,189804.156895
-100.0,100,189834.663943
-100.0,100,189865.692004
-100.0,100,189896.523577
-100.0,100,189927.323511
-100.0,100,189957.36042
-100.0,100,189986.305344
-100.0,100,190017.663509
-100.0,100,190047.315392
-100.0,100,190078.359386
-100.0,100,190108.028726
-100.0,100,190138.484277
-100.0,100,190170.173512
-100.0,100,190200.624354
-100.0,100,190231.044322
-100.0,100,190262.560491
-100.0,100,190292.303399
-100.0,100,190323.581335
-100.0,100,190353.567673
-100.0,100,190385.707389
-100.0,100,190416.016575
-100.0,100,190446.687403
-100.0,100,190477.620139
-100.0,100,190507.781575
-100.0,100,190537.639535
-100.0,100,190567.215384
-100.0,100,190598.280356
-100.0,100,190628.348024
-100.0,100,190659.271853
-100.0,100,190689.632331
-100.0,100,190720.575534
-100.0,100,190751.236881
-100.0,100,190782.072886
-100.0,100,190812.815414
-100.0,100,190842.676368
-100.0,100,190872.303901
-100.0,100,190902.491622
-100.0,100,190931.761659
-100.0,100,190962.860627
-100.0,100,190992.844501
-100.0,100,191023.667396
-100.0,100,191053.86832
-100.0,100,191084.476414
-100.0,100,191115.231559
-100.0,100,191145.767868
-100.0,100,191175.831405
-100.0,100,191204.567614
-100.0,100,191234.616186
-100.0,100,191266.367923
-100.0,100,191292.155738
-100.0,100,191318.832073
-100.0,100,191344.847459
-100.0,100,191371.000551
-100.0,100,191396.908078
-100.0,100,191423.165378
-100.0,100,191450.087481
-100.0,100,191476.101822
-100.0,100,191502.439483
-100.0,100,191531.419494
-100.0,100,191562.436745
-100.0,100,191593.725675
-100.0,100,191625.387568
-100.0,100,191656.813014
-100.0,100,191687.671337
-100.0,100,191718.08
-100.0,100,191749.280416
-100.0,100,191780.530393
-100.0,100,191809.731452
-100.0,100,191840.982857
-100.0,100,191870.683401
-100.0,100,191902.64739
-100.0,100,191933.667413
-100.0,100,191964.71544
-100.0,100,191995.903458
-100.0,100,192025.731471
-100.0,100,192056.155458
-100.0,100,192086.982817
-100.0,100,192118.283809
-100.0,100,192148.303394
-100.0,100,192178.220705
-100.0,100,192209.183454
-100.0,100,192240.267428
-100.0,100,192270.701584
-100.0,100,192300.196234
-100.0,100,192331.791399
-100.0,100,192362.323325
-100.0,100,192393.767889
-100.0,100,192425.300017
-100.0,100,192454.589304
-100.0,100,192486.378373
-100.0,100,192515.716347
-100.0,100,192545.455461
-100.0,100,192575.044545
-100.0,100,192605.320251
-100.0,100,192635.390344
-100.0,100,192666.344299
-100.0,100,192697.060215
-100.0,100,192727.553558
-100.0,100,192757.068072
-100.0,100,192787.63142
-100.0,100,192817.32582
-100.0,100,192848.120112
-100.0,100,192877.880191
-100.0,100,192907.23138
-100.0,100,192937.407491
-100.0,100,192967.319586
-100.0,100,192998.067455
-100.0,100,193028.724266
-100.0,100,193059.187394
-100.0,100,193084.783576
-100.0,100,193110.419515
-100.0,100,193136.577313
-100.0,100,193162.35945
-100.0,100,193188.083401
-100.0,100,193214.103395
-100.0,100,193240.267418
-100.0,100,193266.244112
-100.0,100,193292.263429
-100.0,100,193324.4964
-100.0,100,193354.259843
-100.0,100,193384.248451
-100.0,100,193415.539904
-100.0,100,193445.979938
-100.0,100,193476.900254
-100.0,100,193506.059877
-100.0,100,193536.235664
-100.0,100,193567.559681
-100.0,100,193597.277573
-100.0,100,193628.00518
-100.0,100,193657.407534
-100.0,100,193687.811397
-100.0,100,193717.733933
-100.0,100,193747.35653
-100.0,100,193778.491946
-100.0,100,193809.2282
-100.0,100,193839.295441
-100.0,100,193868.967562
-100.0,100,193899.559837
-100.0,100,193930.632526
-100.0,100,193960.520398
-100.0,100,193991.30739
-100.0,100,194021.468265
-100.0,100,194051.360067
-100.0,100,194081.323472
-100.0,100,194110.956257
-100.0,100,194141.540278
-100.0,100,194172.864315
-100.0,100,194203.135352
-100.0,100,194235.191559
-100.0,100,194264.120035
-100.0,100,194295.057572
-100.0,100,194323.968311
-100.0,100,194356.232355
-100.0,100,194385.984477
-100.0,100,194415.453885
-100.0,100,194445.439407
-100.0,100,194474.828715
-100.0,100,194505.767603
-100.0,100,194535.991455
-100.0,100,194566.85598
-100.0,100,194596.78412
-100.0,100,194627.124416
-100.0,100,194657.809059
-100.0,100,194688.231494
-100.0,100,194717.645822
-100.0,100,194748.805266
-100.0,100,194779.89608
-100.0,100,194808.827669
-100.0,100,194839.424322
-100.0,100,194864.892148
-100.0,100,194891.636422
-100.0,100,194918.829783
-100.0,100,194945.747823
-100.0,100,194972.455365
-100.0,100,194999.139392
-100.0,100,195025.063483
-100.0,100,195051.599407
-100.0,100,195077.580128
-100.0,100,195104.664378
-100.0,100,195134.102265
-100.0,100,195165.712254
-100.0,100,195196.116579
-100.0,100,195226.167899
-100.0,100,195255.84408
-100.0,100,195284.808253
-100.0,100,195316.687672
-100.0,100,195347.628213
-100.0,100,195378.27181
-100.0,100,195408.320398
-100.0,100,195437.523539
-100.0,100,195468.780198
-100.0,100,195499.108196
-100.0,100,195529.643987
-100.0,100,195559.155507
-100.0,100,195591.342024
-100.0,100,195620.94353
-100.0,100,195652.739665
-100.0,100,195683.868031
-100.0,100,195714.895699
-100.0,100,195744.660285
-100.0,100,195775.272838
-100.0,100,195805.743526
-100.0,100,195836.139437
-100.0,100,195866.144462
-100.0,100,195897.183795
-100.0,100,195927.492745
-100.0,100,195957.416528
-100.0,100,195987.035401
-100.0,100,196017.799791
-100.0,100,196048.148513
-100.0,100,196078.159423
-100.0,100,196108.860186
-100.0,100,196139.972094
-100.0,100,196169.064286
-100.0,100,196199.260473
-100.0,100,196229.524696
-100.0,100,196260.298731
-100.0,100,196291.20033
-100.0,100,196320.912509
-100.0,100,196351.459627
-100.0,100,196381.755516
-100.0,100,196412.751382
-100.0,100,196443.424456
-100.0,100,196473.107436
-100.0,100,196503.14395
-100.0,100,196533.521231
-100.0,100,196564.73167
-100.0,100,196594.795828
-100.0,100,196625.748419
-100.0,100,196651.691928
-100.0,100,196677.387761
-100.0,100,196703.760447
-100.0,100,196730.91538
-100.0,100,196758.232967
-100.0,100,196784.780229
-100.0,100,196811.103654
-100.0,100,196837.343381
-100.0,100,196863.675389
-100.0,100,196890.070089
-100.0,100,196921.835925
-100.0,100,196953.743444
-100.0,100,196984.019396
-100.0,100,197015.191463
-100.0,100,197045.314664
-100.0,100,197077.863462
-100.0,100,197107.565836
-100.0,100,197139.424473
-100.0,100,197169.967415
-100.0,100,197200.950858
-100.0,100,197233.696238
-100.0,100,197264.347519
-100.0,100,197296.160472
-100.0,100,197325.407343
-100.0,100,197356.767413
-100.0,100,197385.760595
-100.0,100,197417.103852
-100.0,100,197446.380486
-100.0,100,197476.941144
-100.0,100,197509.659459
-100.0,100,197539.844341
-100.0,100,197570.956212
-100.0,100,197602.389246
-100.0,100,197632.608044
-100.0,100,197663.00746
-100.0,100,197693.587405
-100.0,100,197726.095417
-100.0,100,197756.831404
-100.0,100,197787.159429
-100.0,100,197817.859948
-100.0,100,197847.939415
-100.0,100,197878.792498
-100.0,100,197909.426454
-100.0,100,197938.604723
-100.0,100,197969.459451
-100.0,100,197999.429644
-100.0,100,198030.859915
-100.0,100,198061.155618
-100.0,100,198090.76639
-100.0,100,198120.987376
-100.0,100,198152.112507
-100.0,100,198182.175323
-100.0,100,198213.367414
-100.0,100,198243.910796
-100.0,100,198274.367427
-100.0,100,198305.752187
-100.0,100,198336.227458
-100.0,100,198366.376007
-100.0,100,198396.759568
-100.0,100,198427.468197
-100.0,100,198454.192487
-100.0,100,198479.895175
-100.0,100,198506.436394
-100.0,100,198532.511896
-100.0,100,198559.079937
-100.0,100,198584.621528
-100.0,100,198610.472328
-100.0,100,198635.955974
-100.0,100,198662.740076
-100.0,100,198692.073254
-100.0,100,198722.007447
-100.0,100,198751.487398
-100.0,100,198783.2274
-100.0,100,198813.587458
-100.0,100,198844.283446
-100.0,100,198874.162357
-100.0,100,198904.503415
-100.0,100,198934.471506
-100.0,100,198965.263918
-100.0,100,198995.748371
-100.0,100,199025.659559
-100.0,100,199056.242564
-100.0,100,199085.440452
-100.0,100,199116.660339
-100.0,100,199146.947788
-100.0,100,199177.244426
-100.0,100,199207.060844
-100.0,100,199237.627853
-100.0,100,199268.119363
-100.0,100,199297.983411
-100.0,100,199328.399421
-100.0,100,199357.447888
-100.0,100,199388.083421
-100.0,100,199419.519436
-100.0,100,199449.018632
-100.0,100,199479.355971
-100.0,100,199509.615435
-100.0,100,199540.247401
-100.0,100,199569.79539
-100.0,100,199601.929607
-100.0,100,199632.696096
-100.0,100,199662.412008
-100.0,100,199692.371393
-100.0,100,199722.347435
-100.0,100,199754.131965
-100.0,100,199783.479423
-100.0,100,199813.356354
-100.0,100,199844.995433
-100.0,100,199875.887591
-100.0,100,199905.687689
-100.0,100,199935.558047
-100.0,100,199966.532535
-100.0,100,199997.17039
-100.0,100,200026.528018
-100.0,100,200056.332068
-100.0,100,200086.792072
-100.0,100,200117.971945
-100.0,100,200148.256246
-100.0,100,200179.529107
-100.0,100,200209.611668
-100.0,100,200236.023825
-100.0,100,200261.712455
-100.0,100,200287.086046
-100.0,100,200313.089808
-100.0,100,200339.95246
-100.0,100,200366.612284
-100.0,100,200393.184353
-100.0,100,200420.383886
-100.0,100,200446.748309
-100.0,100,200474.625142
-100.0,100,200505.30445
-100.0,100,200534.176895
-100.0,100,200564.017836
-100.0,100,200595.075401
-100.0,100,200626.743495
-100.0,100,200655.936519
-100.0,100,200686.699456
-100.0,100,200717.356494
-100.0,100,200748.288871
-100.0,100,200777.635999
-100.0,100,200808.499937
-100.0,100,200839.163378
-100.0,100,200868.696518
-100.0,100,200900.038425
-100.0,100,200930.752565
-100.0,100,200960.989455
-100.0,100,200991.604055
-100.0,100,201021.316251
-100.0,100,201053.2878
-100.0,100,201082.824622
-100.0,100,201112.715405
-100.0,100,201143.556025
-100.0,100,201174.295797
-100.0,100,201205.284387
-100.0,100,201235.959382
-100.0,100,201267.504181
-100.0,100,201297.472439
-100.0,100,201327.699396
-100.0,100,201357.716601
-100.0,100,201388.676296
-100.0,100,201419.815405
-100.0,100,201451.092816
-100.0,100,201480.652484
-100.0,100,201512.656034
-100.0,100,201541.796277
-100.0,100,201571.769911
-100.0,100,201602.66131
-100.0,100,201632.140432
-100.0,100,201662.911404
-100.0,100,201692.735406
-100.0,100,201724.031826
-100.0,100,201753.079976
-100.0,100,201783.967802
-100.0,100,201814.202469
-100.0,100,201843.982173
-100.0,100,201874.511527
-100.0,100,201905.708124
-100.0,100,201935.463428
-100.0,100,201965.983978
-100.0,100,201996.132215
-100.0,100,202023.404363
-100.0,100,202050.379394
-100.0,100,202077.329772
-100.0,100,202103.897707
-100.0,100,202130.679412
-100.0,100,202157.288114
-100.0,100,202183.419983
-100.0,100,202209.711595
-100.0,100,202235.747417
-100.0,100,202262.239617
-100.0,100,202292.599938
-100.0,100,202322.939402
-100.0,100,202352.772244
-100.0,100,202383.55953
-100.0,100,202413.711403
-100.0,100,202444.394009
-100.0,100,202474.820039
-100.0,100,202504.414003
-100.0,100,202535.843455
-100.0,100,202565.120744
-100.0,100,202596.135362
-100.0,100,202627.112693
-100.0,100,202657.572986
-100.0,100,202688.892867
-100.0,100,202718.620237
-100.0,100,202750.235783
-100.0,100,202779.465553
-100.0,100,202811.339572
-100.0,100,202841.344396
-100.0,100,202871.687877
-100.0,100,202902.248801
-100.0,100,202933.371897
-100.0,100,202963.959696
-100.0,100,202994.52768
-100.0,100,203024.628314
-100.0,100,203054.845193
-100.0,100,203085.928491
-100.0,100,203117.031626
-100.0,100,203147.584114
-100.0,100,203176.639784
-100.0,100,203207.915401
-100.0,100,203237.151553
-100.0,100,203268.787384
-100.0,100,203300.644863
-100.0,100,203330.155764
-100.0,100,203360.147395
-100.0,100,203390.5594
-100.0,100,203420.391412
-100.0,100,203450.741446
-100.0,100,203481.473483
-100.0,100,203511.795397
-100.0,100,203541.995939
-100.0,100,203570.524422
-100.0,100,203601.139925
-100.0,100,203632.400322
-100.0,100,203662.39355
-100.0,100,203692.734235
-100.0,100,203722.696142
-100.0,100,203752.083008
-100.0,100,203784.100465
-100.0,100,203809.983698
-100.0,100,203835.715649
-100.0,100,203862.171404
-100.0,100,203887.971374
-100.0,100,203914.744478
-100.0,100,203941.335586
-100.0,100,203967.728141
-100.0,100,203993.732483
-100.0,100,204019.299931
-100.0,100,204050.819476
-100.0,100,204080.923761
-100.0,100,204112.209454
-100.0,100,204141.551907
-100.0,100,204172.627777
-100.0,100,204202.260099
-100.0,100,204233.628509
-100.0,100,204263.363449
-100.0,100,204293.764156
-100.0,100,204325.111444
-100.0,100,204355.019422
-100.0,100,204386.012415
-100.0,100,204418.075903
-100.0,100,204448.431397
-100.0,100,204478.443383
-100.0,100,204510.887447
-100.0,100,204542.512035
-100.0,100,204574.271396
-100.0,100,204604.887842
-100.0,100,204635.231389
-100.0,100,204665.311427
-100.0,100,204696.469148
-100.0,100,204728.564154
-100.0,100,204759.12442
-100.0,100,204790.155375
-100.0,100,204820.949158
-100.0,100,204851.624444
-100.0,100,204881.219729
-100.0,100,204912.449218
-100.0,100,204942.963221
-100.0,100,204972.095421
-100.0,100,205003.292557
-100.0,100,205032.944087
-100.0,100,205065.133339
-100.0,100,205094.902778
-100.0,100,205127.115448
-100.0,100,205156.999402
-100.0,100,205187.37441
-100.0,100,205218.427998
-100.0,100,205248.726481
-100.0,100,205279.633349
-100.0,100,205309.21545
-100.0,100,205342.058694
-100.0,100,205373.760295
-100.0,100,205403.72738
-100.0,100,205434.720504
-100.0,100,205464.179758
-100.0,100,205493.108548
-100.0,100,205523.705735
-100.0,100,205553.953401
-100.0,100,205584.267385
-100.0,100,205610.628551
-100.0,100,205637.671394
-100.0,100,205663.37533
-100.0,100,205689.487933
-100.0,100,205716.027417
-100.0,100,205742.031906
-100.0,100,205768.879395
-100.0,100,205795.617482
-100.0,100,205822.379557
-100.0,100,205848.265751
-100.0,100,205879.135725
-100.0,100,205909.971726
-100.0,100,205940.179406
-100.0,100,205971.69007
-100.0,100,206001.300255
-100.0,100,206032.707481
-100.0,100,206062.959378
-100.0,100,206093.7007
-100.0,100,206124.424497
-100.0,100,206154.335719
-100.0,100,206184.445673
-100.0,100,206214.067769
-100.0,100,206244.995544
-100.0,100,206275.703876
-100.0,100,206306.679736
-100.0,100,206336.508942
-100.0,100,206366.999802
-100.0,100,206397.331417
-100.0,100,206427.999615
-100.0,100,206458.839652
-100.0,100,206488.783434
-100.0,100,206518.344838
-100.0,100,206548.888873
-100.0,100,206580.484288
-100.0,100,206609.801918
-100.0,100,206640.869144
-100.0,100,206671.023973
-100.0,100,206701.303642
-100.0,100,206732.394212
-100.0,100,206764.048636
-100.0,100,206793.623775
-100.0,100,206824.19178
-100.0,100,206855.755973
-100.0,100,206885.867419
-100.0,100,206916.460957
-100.0,100,206945.239985
-100.0,100,206975.488037
-100.0,100,207007.368138
-100.0,100,207038.808136
-100.0,100,207069.059641
-100.0,100,207098.895419
-100.0,100,207129.716207
-100.0,100,207160.289464
-100.0,100,207190.420475
-100.0,100,207221.167869
-100.0,100,207251.863419
-100.0,100,207281.847496
-100.0,100,207312.468463
-100.0,100,207342.923683
-100.0,100,207374.160057
-100.0,100,207400.925941
-100.0,100,207427.467995
-100.0,100,207454.324094
-100.0,100,207480.863677
-100.0,100,207507.355404
-100.0,100,207533.285424
-100.0,100,207559.505513
-100.0,100,207585.795415
-100.0,100,207612.53541
-100.0,100,207639.98834
-100.0,100,207669.673865
-100.0,100,207700.700455
-100.0,100,207730.352382
-100.0,100,207761.421429
-100.0,100,207792.651408
-100.0,100,207823.316708
-100.0,100,207854.319413
-100.0,100,207886.093968
-100.0,100,207917.025398
-100.0,100,207948.435947
-100.0,100,207979.335558
-100.0,100,208009.463574
-100.0,100,208041.488891
-100.0,100,208074.231731
-100.0,100,208104.45586
-100.0,100,208134.451385
-100.0,100,208165.086912
-100.0,100,208195.036077
-100.0,100,208227.420107
-100.0,100,208257.291672
-100.0,100,208287.663545
-100.0,100,208318.647409
-100.0,100,208348.747688
-100.0,100,208379.387856
-100.0,100,208408.879821
-100.0,100,208439.29158
-100.0,100,208469.959462
-100.0,100,208499.801859
-100.0,100,208528.592461
-100.0,100,208559.648511
-100.0,100,208589.883397
-100.0,100,208621.404
-100.0,100,208651.333455
-100.0,100,208680.728452
-100.0,100,208713.451479
-100.0,100,208743.80004
-100.0,100,208774.520034
-100.0,100,208805.203562
-100.0,100,208835.396366
-100.0,100,208864.685744
-100.0,100,208895.336253
-100.0,100,208924.506498
-100.0,100,208956.059388
-100.0,100,208986.537475
-100.0,100,209015.407842
-100.0,100,209045.799434
-100.0,100,209075.500089
-100.0,100,209106.815377
-100.0,100,209137.936568
-100.0,100,209167.279658
-100.0,100,209193.824276
-100.0,100,209219.927396
-100.0,100,209246.380252
-100.0,100,209272.644054
-100.0,100,209298.375366
-100.0,100,209324.228176
-100.0,100,209351.011793
-100.0,100,209377.58874
-100.0,100,209404.365258
-100.0,100,209431.451365
-100.0,100,209461.675389
-100.0,100,209492.394616
-100.0,100,209522.77939
-100.0,100,209553.616392
-100.0,100,209583.41574
-100.0,100,209612.619425
-100.0,100,209643.356379
-100.0,100,209673.23163
-100.0,100,209703.576501
-100.0,100,209735.243779
-100.0,100,209766.216068
-100.0,100,209796.484277
-100.0,100,209827.927393
-100.0,100,209856.873113
-100.0,100,209887.679986
-100.0,100,209917.251892
-100.0,100,209947.99576
-100.0,100,209978.030918
-100.0,100,210009.351382
-100.0,100,210040.388952
-100.0,100,210070.156291
-100.0,100,210101.770251
-100.0,100,210132.184236
-100.0,100,210163.180281
-100.0,100,210192.648551
-100.0,100,210224.104721
-100.0,100,210254.124072
-100.0,100,210285.747607
-100.0,100,210315.855871
-100.0,100,210346.030482
-100.0,100,210376.615705
-100.0,100,210406.095181
-100.0,100,210437.616317
-100.0,100,210467.704365
-100.0,100,210498.371877
-100.0,100,210528.036264
-100.0,100,210559.160198
-100.0,100,210588.570241
-100.0,100,210620.175468
-100.0,100,210650.090584
-100.0,100,210680.284667
-100.0,100,210710.39238
-100.0,100,210741.83937
-100.0,100,210771.920423
-100.0,100,210802.007945
-100.0,100,210832.968058
-100.0,100,210862.332114
-100.0,100,210894.728501
-100.0,100,210925.095589
-100.0,100,210956.656462
-100.0,100,210982.391606
-100.0,100,211009.316922
-100.0,100,211035.871951
-100.0,100,211061.243503
-100.0,100,211087.740425
-100.0,100,211113.011662
-100.0,100,211139.412487
-100.0,100,211165.668071
-100.0,100,211191.627404
-100.0,100,211222.161138
-100.0,100,211252.047865
-100.0,100,211281.844204
-100.0,100,211311.641838
-100.0,100,211342.911904
-100.0,100,211373.304258
-100.0,100,211403.880836
-100.0,100,211433.943417
-100.0,100,211465.115409
-100.0,100,211496.28999
-100.0,100,211526.580264
-100.0,100,211556.839952
-100.0,100,211587.824858
-100.0,100,211618.611557
-100.0,100,211648.768362
-100.0,100,211678.814866
-100.0,100,211708.719945
-100.0,100,211739.428504
-100.0,100,211769.972286
-100.0,100,211800.463385
-100.0,100,211829.963551
-100.0,100,211860.463395
-100.0,100,211890.72803
-100.0,100,211920.762347
-100.0,100,211951.568152
-100.0,100,211981.700135
-100.0,100,212010.88978
-100.0,100,212043.491622
-100.0,100,212071.643118
-100.0,100,212102.464343
-100.0,100,212132.451438
-100.0,100,212163.727353
-100.0,100,212193.708269
-100.0,100,212224.084128
-100.0,100,212253.943434
-100.0,100,212284.069886
-100.0,100,212314.311842
-100.0,100,212344.876304
-100.0,100,212374.43603
-100.0,100,212404.888668
-100.0,100,212437.000783
-100.0,100,212467.489842
-100.0,100,212497.779717
-100.0,100,212528.902615
-100.0,100,212558.983713
-100.0,100,212589.628271
-100.0,100,212620.605556
-100.0,100,212649.57303
-100.0,100,212681.1556
-100.0,100,212711.048126
-100.0,100,212740.64397
-100.0,100,212767.516217
-100.0,100,212794.098713
-100.0,100,212819.676002
-100.0,100,212845.755389
-100.0,100,212872.355405
-100.0,100,212898.772284
-100.0,100,212925.32809
-100.0,100,212951.575901
-100.0,100,212978.370867
-100.0,100,213007.755457
-100.0,100,213037.012073
-100.0,100,213068.433074
-100.0,100,213097.967913
-100.0,100,213128.935543
-100.0,100,213159.743404
-100.0,100,213191.307727
-100.0,100,213221.430672
-100.0,100,213251.759462
-100.0,100,213283.492675
-100.0,100,213313.2517
-100.0,100,213344.224909
-100.0,100,213374.591405
-100.0,100,213406.084021
-100.0,100,213435.803718
-100.0,100,213465.973036
-100.0,100,213496.532748
-100.0,100,213526.675481
-100.0,100,213555.827382
-100.0,100,213585.577311
-100.0,100,213616.742213
-100.0,100,213647.456187
-100.0,100,213676.883412
-100.0,100,213707.668614
-100.0,100,213737.791583
-100.0,100,213768.264832
-100.0,100,213797.548852
-100.0,100,213827.955403
-100.0,100,213859.232475
-100.0,100,213889.327381
-100.0,100,213919.212094
-100.0,100,213950.337416
-100.0,100,213980.85221
-100.0,100,214011.925528
-100.0,100,214042.332565
-100.0,100,214073.88838
-100.0,100,214105.035444
-100.0,100,214135.856364
-100.0,100,214165.320661
-100.0,100,214195.56439
-100.0,100,214226.507958
-100.0,100,214257.217273
-100.0,100,214287.498795
-100.0,100,214318.388117
-100.0,100,214349.175731
-100.0,100,214380.295386
-100.0,100,214410.487546
-100.0,100,214440.241608
-100.0,100,214470.176181
-100.0,100,214500.679401
-100.0,100,214532.187757
-100.0,100,214558.568065
-100.0,100,214585.200259
-100.0,100,214611.996144
-100.0,100,214638.264256
-100.0,100,214664.419461
-100.0,100,214690.239295
-100.0,100,214717.299984
-100.0,100,214743.67142
-100.0,100,214769.347396
-100.0,100,214795.98736
-100.0,100,214826.743461
-100.0,100,214857.612525
-100.0,100,214886.993359
-100.0,100,214918.271713
-100.0,100,214949.288217
-100.0,100,214980.099988
-100.0,100,215010.74443
-100.0,100,215039.87974
-100.0,100,215070.847645
-100.0,100,215101.135422
-100.0,100,215132.155466
-100.0,100,215162.53138
-100.0,100,215193.575799
-100.0,100,215223.075997
-100.0,100,215253.615696
-100.0,100,215284.292164
-100.0,100,215316.403877
-100.0,100,215346.849295
-100.0,100,215378.51983
-100.0,100,215409.224009
-100.0,100,215440.007551
-100.0,100,215469.959553
-100.0,100,215500.134629
-100.0,100,215531.483689
-100.0,100,215560.499415
-100.0,100,215590.784083
-100.0,100,215622.432386
-100.0,100,215653.208768
-100.0,100,215683.627917
-100.0,100,215713.801154
-100.0,100,215745.852077
-100.0,100,215776.720496
-100.0,100,215808.563887
-100.0,100,215838.408054
-100.0,100,215869.487384
-100.0,100,215900.387445
-100.0,100,215931.680779
-100.0,100,215962.556135
-100.0,100,215992.946239
-100.0,100,216025.031992
-100.0,100,216056.008399
-100.0,100,216086.540471
-100.0,100,216117.499843
-100.0,100,216148.423697
-100.0,100,216178.715667
-100.0,100,216209.292124
-100.0,100,216239.065394
-100.0,100,216269.635943
-100.0,100,216299.616186
-100.0,100,216329.690721
-100.0,100,216356.891699
-100.0,100,216383.483352
-100.0,100,216410.074879
-100.0,100,216435.77631
-100.0,100,216462.048216
-100.0,100,216487.963854
-100.0,100,216514.75183
-100.0,100,216541.539539
-100.0,100,216567.6954
-100.0,100,216597.680511
-100.0,100,216629.728837
-100.0,100,216661.528479
-100.0,100,216692.696149
-100.0,100,216723.31946
-100.0,100,216754.816382
-100.0,100,216784.887359
-100.0,100,216817.276216
-100.0,100,216848.073345
-100.0,100,216878.871051
-100.0,100,216910.171794
-100.0,100,216940.959687
-100.0,100,216973.161626
-100.0,100,217004.641175
-100.0,100,217035.96741
-100.0,100,217066.750224
-100.0,100,217096.767725
-100.0,100,217128.439415
-100.0,100,217160.152172
-100.0,100,217190.376731
-100.0,100,217220.612181
-100.0,100,217252.247405
-100.0,100,217283.655844
-100.0,100,217315.018387
-100.0,100,217345.168197
-100.0,100,217375.784516
-100.0,100,217407.152197
-100.0,100,217438.764204
-100.0,100,217469.904479
-100.0,100,217499.655993
-100.0,100,217530.512063
-100.0,100,217560.087412
-100.0,100,217591.648509
-100.0,100,217623.103965
-100.0,100,217653.984533
-100.0,100,217684.491812
-100.0,100,217714.511335
-100.0,100,217746.866631
-100.0,100,217777.8683
-100.0,100,217808.407732
-100.0,100,217838.651471
-100.0,100,217870.712254
-100.0,100,217900.164198
-100.0,100,217932.155884
-100.0,100,217961.936
-100.0,100,217992.352583
-100.0,100,218022.24582
-100.0,100,218053.696015
-100.0,100,218083.561679
-100.0,100,218113.174808
-100.0,100,218143.4756
-100.0,100,218169.239442
-100.0,100,218196.267636
-100.0,100,218222.889936
-100.0,100,218248.895899
-100.0,100,218275.895938
-100.0,100,218303.201002
-100.0,100,218328.56741
-100.0,100,218354.915445
-100.0,100,218381.616111
-100.0,100,218408.071583
-100.0,100,218437.407363
-100.0,100,218470.563386
-100.0,100,218501.287554
-100.0,100,218532.355759
-100.0,100,218562.837284
-100.0,100,218594.747421
-100.0,100,218625.504492
-100.0,100,218656.171799
-100.0,100,218687.863578
-100.0,100,218717.576452
-100.0,100,218748.824049
-100.0,100,218781.530262
-100.0,100,218813.281046
-100.0,100,218842.399393
-100.0,100,218873.716393
-100.0,100,218905.764433
-100.0,100,218935.227447
-100.0,100,218966.786688
-100.0,100,218998.644572
-100.0,100,219030.099566
-100.0,100,219061.183399
-100.0,100,219091.915869
-100.0,100,219124.127422
-100.0,100,219153.927146
-100.0,100,219184.233818
-100.0,100,219215.119726
-100.0,100,219245.603343
-100.0,100,219275.879499
-100.0,100,219304.520879
-100.0,100,219337.499408
-100.0,100,219367.940896
-100.0,100,219399.104657
-100.0,100,219429.337535
-100.0,100,219460.70894
-100.0,100,219490.827473
-100.0,100,219520.291784
-100.0,100,219549.911392
-100.0,100,219580.25229
-100.0,100,219610.943406
-100.0,100,219642.975702
-100.0,100,219672.607461
-100.0,100,219703.899448
-100.0,100,219735.596763
-100.0,100,219767.023398
-100.0,100,219796.191724
-100.0,100,219827.979393
-100.0,100,219857.49165
-100.0,100,219886.209837
-100.0,100,219917.527907
-100.0,100,219947.643759
-100.0,100,219973.960408
-100.0,100,220000.57948
-100.0,100,220027.664916
-100.0,100,220054.517604
-100.0,100,220080.707407
-100.0,100,220107.203456
-100.0,100,220133.795373
-100.0,100,220159.915447
-100.0,100,220186.195747
-100.0,100,220213.410737
-100.0,100,220243.763395
-100.0,100,220274.010488
-100.0,100,220305.565726
-100.0,100,220335.728003
-100.0,100,220366.320487
-100.0,100,220395.115425
-100.0,100,220426.116119
-100.0,100,220456.387815
-100.0,100,220486.291371
-100.0,100,220517.773724
-100.0,100,220547.403898
-100.0,100,220577.680432
-100.0,100,220608.195395
-100.0,100,220638.819298
-100.0,100,220669.35939
-100.0,100,220699.435436
-100.0,100,220728.839325
-100.0,100,220759.228894
-100.0,100,220789.576566
-100.0,100,220819.511148
-100.0,100,220850.483439
-100.0,100,220879.912491
-100.0,100,220910.330853
-100.0,100,220941.999439
-100.0,100,220973.803382
-100.0,100,221004.855451
-100.0,100,221035.605565
-100.0,100,221067.199863
-100.0,100,221099.151395
-100.0,100,221129.366746
-100.0,100,221160.707401
-100.0,100,221192.735416
-100.0,100,221222.983658
-100.0,100,221253.8634
-100.0,100,221286.123394
-100.0,100,221315.347471
-100.0,100,221346.891397
-100.0,100,221377.285313
-100.0,100,221405.707431
-100.0,100,221436.023439
-100.0,100,221467.151422
-100.0,100,221496.880111
-100.0,100,221526.84844
-100.0,100,221557.368206
-100.0,100,221586.880384
-100.0,100,221616.571382
-100.0,100,221646.189132
-100.0,100,221678.248049
-100.0,100,221707.592523
-100.0,100,221738.527698
-100.0,100,221764.675416
-100.0,100,221790.755839
-100.0,100,221817.458962
-100.0,100,221843.560702
-100.0,100,221869.781636
-100.0,100,221895.594589
-100.0,100,221922.547392
-100.0,100,221948.871403
-100.0,100,221975.888041
-100.0,100,222004.694459
-100.0,100,222036.580074
-100.0,100,222067.563846
-100.0,100,222098.405209
-100.0,100,222128.400203
-100.0,100,222159.355409
-100.0,100,222189.166818
-100.0,100,222220.211337
-100.0,100,222250.699482
-100.0,100,222281.394591
-100.0,100,222312.371444
-100.0,100,222344.491407
-100.0,100,222375.011514
-100.0,100,222405.027419
-100.0,100,222436.355439
-100.0,100,222467.280266
-100.0,100,222498.871448
-100.0,100,222530.12165
-100.0,100,222561.415455
-100.0,100,222591.327432
-100.0,100,222621.084463
-100.0,100,222651.143812
-100.0,100,222683.251439
-100.0,100,222713.763704
-100.0,100,222745.264149
-100.0,100,222775.652009
-100.0,100,222807.5834
-100.0,100,222837.471414
-100.0,100,222868.499462
-100.0,100,222899.123537
-100.0,100,222928.772376
-100.0,100,222959.049364
-100.0,100,222989.159802
-100.0,100,223019.977792
-100.0,100,223050.391402
-100.0,100,223081.695442
-100.0,100,223110.748069
-100.0,100,223141.607879
-100.0,100,223171.768459
-100.0,100,223203.94941
-100.0,100,223233.975487
-100.0,100,223263.995503
-100.0,100,223294.786837
-100.0,100,223325.551867
-100.0,100,223355.748216
-100.0,100,223385.032927
-100.0,100,223415.935505
-100.0,100,223446.771966
-100.0,100,223476.563737
-100.0,100,223508.175403
-100.0,100,223539.02338
-100.0,100,223566.217386
-100.0,100,223592.370613
-100.0,100,223618.659397
-100.0,100,223645.204031
-100.0,100,223671.316153
-100.0,100,223697.54041
-100.0,100,223725.004547
-100.0,100,223752.315444
-100.0,100,223778.371938
-100.0,100,223805.117397
-100.0,100,223836.7487
-100.0,100,223867.680393
-100.0,100,223898.096231
-100.0,100,223929.232148
-100.0,100,223960.295527
-100.0,100,223989.46437
-100.0,100,224019.752133
-100.0,100,224049.855406
-100.0,100,224080.735367
-100.0,100,224110.028716
-100.0,100,224140.322358
-100.0,100,224171.963397
-100.0,100,224202.400453
-100.0,100,224233.22379
-100.0,100,224263.492569
-100.0,100,224294.587384
-100.0,100,224325.422141
-100.0,100,224355.62147
-100.0,100,224386.619839
-100.0,100,224417.952058
-100.0,100,224447.071544
-100.0,100,224477.879813
-100.0,100,224508.775536
-100.0,100,224539.380278
-100.0,100,224569.912131
-100.0,100,224600.416883
-100.0,100,224630.516446
-100.0,100,224661.000445
-100.0,100,224691.392945
-100.0,100,224720.600621
-100.0,100,224750.920521
-100.0,100,224781.485123
-100.0,100,224811.079857
-100.0,100,224840.782552
-100.0,100,224872.915413
-100.0,100,224902.319379
-100.0,100,224932.980541
-100.0,100,224962.911508
-100.0,100,224994.179412
-100.0,100,225024.227445
-100.0,100,225054.815476
-100.0,100,225085.420317
-100.0,100,225115.891994
-100.0,100,225146.0238
-100.0,100,225175.45237
-100.0,100,225205.479888
-100.0,100,225235.920478
-100.0,100,225265.729434
-100.0,100,225296.946644
-100.0,100,225327.32041
-100.0,100,225353.495398
-100.0,100,225379.303423
-100.0,100,225406.096717
-100.0,100,225433.051383
-100.0,100,225459.692695
-100.0,100,225486.401439
-100.0,100,225511.967979
-100.0,100,225538.85166
-100.0,100,225565.307487
-100.0,100,225593.291398
-100.0,100,225624.463977
-100.0,100,225654.135445
-100.0,100,225684.455404
-100.0,100,225714.168482
-100.0,100,225743.471361
-100.0,100,225773.47942
-100.0,100,225804.029578
-100.0,100,225835.316221
-100.0,100,225865.019406
-100.0,100,225895.524829
-100.0,100,225926.927472
-100.0,100,225958.351459
-100.0,100,225988.811414
-100.0,100,226019.539436
-100.0,100,226050.618806
-100.0,100,226081.167371
-100.0,100,226113.460501
-100.0,100,226144.023548
-100.0,100,226174.235399
-100.0,100,226205.603415
-100.0,100,226235.963398
-100.0,100,226265.916385
-100.0,100,226297.363453
-100.0,100,226329.020043
-100.0,100,226359.191417
-100.0,100,226388.747864
-100.0,100,226418.807402
-100.0,100,226451.639621
-100.0,100,226482.887461
-100.0,100,226512.088391
-100.0,100,226544.503953
-100.0,100,226575.599937
-100.0,100,226607.811399
-100.0,100,226638.189538
-100.0,100,226667.36016
-100.0,100,226698.632841
-100.0,100,226729.8603
-100.0,100,226761.383601
-100.0,100,226792.431451
-100.0,100,226823.373187
-100.0,100,226855.655442
-100.0,100,226888.007417
-100.0,100,226917.931411
-100.0,100,226948.220624
-100.0,100,226978.836484
-100.0,100,227007.93287
-100.0,100,227039.743366
-100.0,100,227069.711612
-100.0,100,227099.449589
-100.0,100,227130.683837
-100.0,100,227156.875332
-100.0,100,227182.531417
-100.0,100,227208.631427
-100.0,100,227235.88494
-100.0,100,227261.812067
-100.0,100,227288.381923
-100.0,100,227315.913397
-100.0,100,227342.240324
-100.0,100,227368.9365
-100.0,100,227397.256448
-100.0,100,227427.243275
-100.0,100,227458.672163
-100.0,100,227488.871727
-100.0,100,227519.476006
-100.0,100,227549.212116
-100.0,100,227581.207395
-100.0,100,227611.682835
-100.0,100,227641.387385
-100.0,100,227672.455399
-100.0,100,227702.935131
-100.0,100,227733.07721
-100.0,100,227762.715554
-100.0,100,227793.675637
-100.0,100,227825.207508
-100.0,100,227856.200443
-100.0,100,227886.3635
-100.0,100,227917.835408
-100.0,100,227947.429143
-100.0,100,227977.971381
-100.0,100,228009.21608
-100.0,100,228039.400502
-100.0,100,228070.824265
-100.0,100,228100.792456
-100.0,100,228131.353209
-100.0,100,228161.183776
-100.0,100,228192.125566
-100.0,100,228223.991912
-100.0,100,228255.384988
-100.0,100,228285.08386
-100.0,100,228315.928016
-100.0,100,228345.64762
-100.0,100,228376.811253
-100.0,100,228406.563411
-100.0,100,228437.051518
-100.0,100,228465.6058
-100.0,100,228497.407681
-100.0,100,228528.631477
-100.0,100,228559.029636
-100.0,100,228589.134449
-100.0,100,228620.35594
-100.0,100,228651.437593
-100.0,100,228680.711535
-100.0,100,228711.191526
-100.0,100,228742.092204
-100.0,100,228772.295764
-100.0,100,228803.463392
-100.0,100,228833.411999
-100.0,100,228863.564065
-100.0,100,228893.38424
-100.0,100,228924.516639
-100.0,100,228950.028242
-100.0,100,228976.783944
-100.0,100,229003.243408
-100.0,100,229029.110971
-100.0,100,229055.860362
-100.0,100,229081.656428
-100.0,100,229108.696295
-100.0,100,229134.373529
-100.0,100,229160.419418
-100.0,100,229191.680357
-100.0,100,229222.228006
-100.0,100,229253.513445
-100.0,100,229283.455908
-100.0,100,229314.223716
-100.0,100,229343.687308
-100.0,100,229374.415693
-100.0,100,229405.440812
-100.0,100,229435.911693
-100.0,100,229466.551363
-100.0,100,229496.268051
-100.0,100,229525.943707
-100.0,100,229558.384246
-100.0,100,229587.879397
-100.0,100,229618.707388
-100.0,100,229649.328017
-100.0,100,229680.496484
-100.0,100,229711.285363
-100.0,100,229742.327609
-100.0,100,229772.408291
-100.0,100,229801.787323
-100.0,100,229832.220299
-100.0,100,229861.090617
-100.0,100,229892.187527
-100.0,100,229923.855413
-100.0,100,229955.009426
-100.0,100,229984.15945
-100.0,100,230014.380299
-100.0,100,230046.231599
-100.0,100,230076.575407
-100.0,100,230106.88284
-100.0,100,230137.252345
-100.0,100,230167.900242
-100.0,100,230197.907406
-100.0,100,230228.883767
-100.0,100,230258.852431
-100.0,100,230290.135683
-100.0,100,230319.768327
-100.0,100,230350.616864
-100.0,100,230380.285083
-100.0,100,230410.77257
-100.0,100,230441.264241
-100.0,100,230470.125993
-100.0,100,230500.175728
-100.0,100,230531.392869
-100.0,100,230561.764177
-100.0,100,230592.603455
-100.0,100,230622.247736
-100.0,100,230651.880202
-100.0,100,230681.877656
-100.0,100,230712.567565
-100.0,100,230738.595785
-100.0,100,230764.596228
-100.0,100,230791.624444
-100.0,100,230818.135848
-100.0,100,230844.271388
-100.0,100,230870.043569
-100.0,100,230897.116051
-100.0,100,230923.287767
-100.0,100,230950.197255
-100.0,100,230977.350006
-100.0,100,231008.539642
-100.0,100,231038.812423
-100.0,100,231069.104043
-100.0,100,231099.456762
-100.0,100,231129.715427
-100.0,100,231161.132639
-100.0,100,231191.596521
-100.0,100,231223.095693
-100.0,100,231253.591372
-100.0,100,231284.408761
-100.0,100,231314.920909
-100.0,100,231345.621954
-100.0,100,231375.960117
-100.0,100,231406.675961
-100.0,100,231437.352515
-100.0,100,231468.46878
-100.0,100,231498.572431
-100.0,100,231528.10361
-100.0,100,231559.3004
-100.0,100,231589.777666
-100.0,100,231620.892262
-100.0,100,231652.020362
-100.0,100,231682.599392
-100.0,100,231712.649349
-100.0,100,231742.943567
-100.0,100,231774.154483
-100.0,100,231805.040416
-100.0,100,231835.059363
-100.0,100,231866.075604
-100.0,100,231896.435809
-100.0,100,231926.967414
-100.0,100,231956.499378
-100.0,100,231986.933461
-100.0,100,232016.449823
-100.0,100,232048.144468
-100.0,100,232079.068833
-100.0,100,232109.343796
-100.0,100,232139.207398
-100.0,100,232169.788223
-100.0,100,232200.854606
-100.0,100,232232.40396
-100.0,100,232262.22042
-100.0,100,232293.457218
-100.0,100,232323.52766
-100.0,100,232354.708863
-100.0,100,232385.847704
-100.0,100,232417.124163
-100.0,100,232446.896308
-100.0,100,232478.791392
-100.0,100,232508.879426
-100.0,100,232534.850751
-100.0,100,232560.936503
